TOT_SPECIES,VULN_SPECIES,NON_VULN_SPECIES,WDPA_ID,TAXON_CLASS
30,4,26,597,Amphibian
361,34,327,597,Bird
107,5,102,597,Mammal
61,6,55,597,Reptile
40,11,29,597,fw_fish
14,2,12,641,Amphibian
282,36,246,641,Bird
74,9,65,641,Mammal
21,5,16,641,Reptile
17,3,14,641,fw_fish
24,2,22,642,Amphibian
308,30,278,642,Bird
90,8,82,642,Mammal
27,3,24,642,Reptile
59,19,40,642,fw_fish
30,4,26,669,Amphibian
372,34,338,669,Bird
126,9,117,669,Mammal
66,2,64,669,Reptile
62,21,41,669,fw_fish
28,1,27,670,Amphibian
380,60,320,670,Bird
148,11,137,670,Mammal
86,6,80,670,Reptile
112,29,83,670,fw_fish
28,4,24,671,Amphibian
370,53,317,671,Bird
145,9,136,671,Mammal
75,3,72,671,Reptile
53,17,36,671,fw_fish
38,0,38,672,Amphibian
365,92,273,672,Bird
140,15,125,672,Mammal
71,8,63,672,Reptile
90,9,81,672,fw_fish
57,2,55,721,Amphibian
374,96,278,721,Bird
145,14,131,721,Mammal
82,13,69,721,Reptile
94,14,80,721,fw_fish
40,2,38,722,Amphibian
441,92,349,722,Bird
153,11,142,722,Mammal
77,7,70,722,Reptile
71,8,63,722,fw_fish
33,1,32,723,Amphibian
388,72,316,723,Bird
136,8,128,723,Mammal
64,6,58,723,Reptile
56,8,48,723,fw_fish
38,1,37,724,Amphibian
399,96,303,724,Bird
141,12,129,724,Mammal
74,9,65,724,Reptile
63,6,57,724,fw_fish
39,1,38,725,Amphibian
369,97,272,725,Bird
128,15,113,725,Mammal
80,14,66,725,Reptile
94,10,84,725,fw_fish
19,3,16,818,Amphibian
364,39,325,818,Bird
91,6,85,818,Mammal
58,9,49,818,Reptile
38,14,24,818,fw_fish
31,4,27,819,Amphibian
377,37,340,819,Bird
114,5,109,819,Mammal
68,3,65,819,Reptile
74,27,47,819,fw_fish
30,4,26,865,Amphibian
386,42,344,865,Bird
116,5,111,865,Mammal
67,7,60,865,Reptile
81,11,70,865,fw_fish
23,3,20,866,Amphibian
421,59,362,866,Bird
89,4,85,866,Mammal
60,5,55,866,Reptile
49,6,43,866,fw_fish
6,1,5,867,Amphibian
317,44,273,867,Bird
43,5,38,867,Mammal
38,10,28,867,Reptile
67,16,51,867,fw_fish
26,3,23,868,Amphibian
369,49,320,868,Bird
86,4,82,868,Mammal
56,3,53,868,Reptile
56,7,49,868,fw_fish
7,1,6,869,Amphibian
326,45,281,869,Bird
46,4,42,869,Mammal
45,11,34,869,Reptile
68,16,52,869,fw_fish
23,3,20,1048,Amphibian
368,37,331,1048,Bird
98,7,91,1048,Mammal
58,6,52,1048,Reptile
48,17,31,1048,fw_fish
27,4,23,1049,Amphibian
335,32,303,1049,Bird
89,5,84,1049,Mammal
58,7,51,1049,Reptile
41,14,27,1049,fw_fish
2,0,2,1250,fw_fish
28,4,24,1293,Amphibian
363,50,313,1293,Bird
118,6,112,1293,Mammal
56,3,53,1293,Reptile
60,8,52,1293,fw_fish
64,4,60,1295,Amphibian
400,98,302,1295,Bird
158,14,144,1295,Mammal
90,13,77,1295,Reptile
106,22,84,1295,fw_fish
30,3,27,1332,Amphibian
369,35,334,1332,Bird
105,5,100,1332,Mammal
60,4,56,1332,Reptile
44,13,31,1332,fw_fish
28,0,28,1543,Amphibian
346,65,281,1543,Bird
142,10,132,1543,Mammal
73,6,67,1543,Reptile
59,11,48,1543,fw_fish
22,4,18,2252,Amphibian
352,36,316,2252,Bird
97,5,92,2252,Mammal
52,5,47,2252,Reptile
43,16,27,2252,fw_fish
30,4,26,2253,Amphibian
355,34,321,2253,Bird
109,5,104,2253,Mammal
62,4,58,2253,Reptile
46,15,31,2253,fw_fish
29,4,25,2254,Amphibian
354,34,320,2254,Bird
104,5,99,2254,Mammal
57,6,51,2254,Reptile
48,16,32,2254,fw_fish
24,4,20,2288,Amphibian
374,40,334,2288,Bird
90,4,86,2288,Mammal
51,4,47,2288,Reptile
67,11,56,2288,fw_fish
26,4,22,2289,Amphibian
422,53,369,2289,Bird
93,5,88,2289,Mammal
57,4,53,2289,Reptile
52,6,46,2289,fw_fish
24,3,21,2290,Amphibian
421,59,362,2290,Bird
87,4,83,2290,Mammal
57,5,52,2290,Reptile
49,6,43,2290,fw_fish
52,1,51,2293,Amphibian
364,95,269,2293,Bird
146,15,131,2293,Mammal
80,13,67,2293,Reptile
82,13,69,2293,fw_fish
69,26,43,2321,fw_fish
19,2,17,2322,Amphibian
306,34,272,2322,Bird
61,0,61,2322,Mammal
46,7,39,2322,Reptile
44,10,34,2322,fw_fish
16,2,14,2324,Amphibian
277,34,243,2324,Bird
59,2,57,2324,Mammal
37,7,30,2324,Reptile
41,7,34,2324,fw_fish
23,4,19,2325,Amphibian
352,35,317,2325,Bird
75,1,74,2325,Mammal
54,5,49,2325,Reptile
75,21,54,2325,fw_fish
39,13,26,2327,fw_fish
18,2,16,2328,Amphibian
304,35,269,2328,Bird
65,4,61,2328,Mammal
46,8,38,2328,Reptile
51,10,41,2328,fw_fish
20,2,18,2329,Amphibian
315,35,280,2329,Bird
62,0,62,2329,Mammal
50,6,44,2329,Reptile
60,12,48,2329,fw_fish
18,3,15,2331,Amphibian
344,38,306,2331,Bird
86,5,81,2331,Mammal
54,9,45,2331,Reptile
39,14,25,2331,fw_fish
15,2,13,2332,Amphibian
302,41,261,2332,Bird
62,5,57,2332,Mammal
43,6,37,2332,Reptile
58,6,52,2332,fw_fish
8,1,7,2333,Amphibian
286,44,242,2333,Bird
60,8,52,2333,Mammal
41,9,32,2333,Reptile
39,12,27,2333,fw_fish
28,4,24,2339,Amphibian
363,32,331,2339,Bird
107,3,104,2339,Mammal
66,3,63,2339,Reptile
69,21,48,2339,fw_fish
32,3,29,2340,Amphibian
376,44,332,2340,Bird
129,9,120,2340,Mammal
93,8,85,2340,Reptile
84,23,61,2340,fw_fish
24,0,24,2341,Amphibian
353,56,297,2341,Bird
113,8,105,2341,Mammal
76,5,71,2341,Reptile
86,20,66,2341,fw_fish
27,4,23,2342,Amphibian
338,26,312,2342,Bird
95,3,92,2342,Mammal
58,3,55,2342,Reptile
71,25,46,2342,fw_fish
25,4,21,2344,Amphibian
310,33,277,2344,Bird
79,5,74,2344,Mammal
58,5,53,2344,Reptile
80,26,54,2344,fw_fish
6,1,5,2578,Amphibian
319,44,275,2578,Bird
43,5,38,2578,Mammal
38,10,28,2578,Reptile
67,16,51,2578,fw_fish
30,4,26,2580,Amphibian
386,42,344,2580,Bird
116,5,111,2580,Mammal
67,7,60,2580,Reptile
81,11,70,2580,fw_fish
25,4,21,3213,Amphibian
341,34,307,3213,Bird
75,1,74,3213,Mammal
55,8,47,3213,Reptile
46,13,33,3213,fw_fish
24,3,21,3214,Amphibian
420,56,364,3214,Bird
85,5,80,3214,Mammal
55,3,52,3214,Reptile
53,6,47,3214,fw_fish
35,13,22,3225,fw_fish
25,3,22,3226,Amphibian
354,36,318,3226,Bird
98,6,92,3226,Mammal
55,6,49,3226,Reptile
34,9,25,3226,fw_fish
27,4,23,3228,Amphibian
352,34,318,3228,Bird
103,6,97,3228,Mammal
63,6,57,3228,Reptile
48,17,31,3228,fw_fish
23,3,20,3229,Amphibian
342,33,309,3229,Bird
97,6,91,3229,Mammal
58,6,52,3229,Reptile
39,12,27,3229,fw_fish
4,0,4,3230,Amphibian
187,31,156,3230,Bird
44,10,34,3230,Mammal
28,9,19,3230,Reptile
1,0,1,3230,fw_fish
24,3,21,4488,Amphibian
358,34,324,4488,Bird
97,6,91,4488,Mammal
59,6,53,4488,Reptile
40,11,29,4488,fw_fish
26,4,22,4489,Amphibian
316,30,286,4489,Bird
91,5,86,4489,Mammal
59,4,55,4489,Reptile
67,22,45,4489,fw_fish
57,2,55,5003,Amphibian
369,96,273,5003,Bird
145,14,131,5003,Mammal
82,13,69,5003,Reptile
94,14,80,5003,fw_fish
38,0,38,5150,Amphibian
365,92,273,5150,Bird
140,15,125,5150,Mammal
71,8,63,5150,Reptile
90,9,81,5150,fw_fish
30,0,30,5151,Amphibian
387,83,304,5151,Bird
127,12,115,5151,Mammal
88,9,79,5151,Reptile
70,12,58,5151,fw_fish
29,0,29,5152,Amphibian
375,66,309,5152,Bird
127,10,117,5152,Mammal
89,8,81,5152,Reptile
75,15,60,5152,fw_fish
26,4,22,5153,Amphibian
344,29,315,5153,Bird
101,5,96,5153,Mammal
60,3,57,5153,Reptile
42,15,27,5153,fw_fish
36,0,36,5154,Amphibian
359,85,274,5154,Bird
141,12,129,5154,Mammal
70,7,63,5154,Reptile
82,14,68,5154,fw_fish
32,0,32,5155,Amphibian
352,75,277,5155,Bird
140,11,129,5155,Mammal
72,7,65,5155,Reptile
59,11,48,5155,fw_fish
26,3,23,5156,Amphibian
365,38,327,5156,Bird
90,3,87,5156,Mammal
57,5,52,5156,Reptile
59,22,37,5156,fw_fish
23,0,23,5157,Amphibian
311,47,264,5157,Bird
108,8,100,5157,Mammal
68,4,64,5157,Reptile
68,17,51,5157,fw_fish
24,0,24,5158,Amphibian
334,55,279,5158,Bird
100,8,92,5158,Mammal
74,6,68,5158,Reptile
106,30,76,5158,fw_fish
23,0,23,5159,Amphibian
325,53,272,5159,Bird
103,8,95,5159,Mammal
72,5,67,5159,Reptile
103,30,73,5159,fw_fish
33,4,29,5160,Amphibian
391,53,338,5160,Bird
139,9,130,5160,Mammal
81,5,76,5160,Reptile
78,24,54,5160,fw_fish
24,0,24,5161,Amphibian
325,52,273,5161,Bird
98,6,92,5161,Mammal
74,6,68,5161,Reptile
103,30,73,5161,fw_fish
24,1,23,5162,Amphibian
303,36,267,5162,Bird
115,8,107,5162,Mammal
68,4,64,5162,Reptile
55,14,41,5162,fw_fish
52,16,36,5164,fw_fish
20,2,18,5165,Amphibian
299,38,261,5165,Bird
84,10,74,5165,Mammal
28,5,23,5165,Reptile
58,20,38,5165,fw_fish
16,2,14,5166,Amphibian
338,40,298,5166,Bird
75,7,68,5166,Mammal
38,7,31,5166,Reptile
84,34,50,5166,fw_fish
27,3,24,5168,Amphibian
319,30,289,5168,Bird
89,6,83,5168,Mammal
44,4,40,5168,Reptile
76,28,48,5168,fw_fish
48,1,47,5173,Amphibian
363,98,265,5173,Bird
130,15,115,5173,Mammal
81,14,67,5173,Reptile
83,10,73,5173,fw_fish
26,2,24,5177,Amphibian
324,37,287,5177,Bird
116,5,111,5177,Mammal
67,4,63,5177,Reptile
112,37,75,5177,fw_fish
7,1,6,5178,Amphibian
331,44,287,5178,Bird
47,5,42,5178,Mammal
40,10,30,5178,Reptile
71,17,54,5178,fw_fish
31,0,31,5179,Amphibian
361,80,281,5179,Bird
106,5,101,5179,Mammal
55,2,53,5179,Reptile
80,13,67,5179,fw_fish
39,0,39,5180,Amphibian
374,81,293,5180,Bird
129,9,120,5180,Mammal
60,2,58,5180,Reptile
113,23,90,5180,fw_fish
22,4,18,6950,Amphibian
345,36,309,6950,Bird
97,5,92,6950,Mammal
52,4,48,6950,Reptile
41,15,26,6950,fw_fish
24,4,20,6951,Amphibian
338,35,303,6951,Bird
101,3,98,6951,Mammal
55,4,51,6951,Reptile
41,15,26,6951,fw_fish
27,4,23,6952,Amphibian
345,34,311,6952,Bird
108,3,105,6952,Mammal
61,4,57,6952,Reptile
41,15,26,6952,fw_fish
27,4,23,6953,Amphibian
349,36,313,6953,Bird
112,4,108,6953,Mammal
62,4,58,6953,Reptile
35,13,22,6953,fw_fish
29,4,25,6954,Amphibian
353,37,316,6954,Bird
115,6,109,6954,Mammal
66,5,61,6954,Reptile
73,23,50,6954,fw_fish
23,3,20,6955,Amphibian
330,34,296,6955,Bird
113,7,106,6955,Mammal
62,3,59,6955,Reptile
56,14,42,6955,fw_fish
24,2,22,6956,Amphibian
321,33,288,6956,Bird
115,7,108,6956,Mammal
63,3,60,6956,Reptile
55,14,41,6956,fw_fish
39,1,38,7390,Amphibian
369,92,277,7390,Bird
129,15,114,7390,Mammal
80,12,68,7390,Reptile
71,7,64,7390,fw_fish
45,1,44,7409,Amphibian
331,93,238,7409,Bird
123,13,110,7409,Mammal
75,13,62,7409,Reptile
67,7,60,7409,fw_fish
44,1,43,7414,Amphibian
423,97,326,7414,Bird
153,14,139,7414,Mammal
85,12,73,7414,Reptile
98,20,78,7414,fw_fish
22,0,22,7417,Amphibian
344,47,297,7417,Bird
133,13,120,7417,Mammal
59,0,59,7417,Reptile
87,12,75,7417,fw_fish
26,1,25,7463,Amphibian
373,83,290,7463,Bird
105,7,98,7463,Mammal
59,6,53,7463,Reptile
44,13,31,7463,fw_fish
34,2,32,7465,Amphibian
373,98,275,7465,Bird
98,9,89,7465,Mammal
68,13,55,7465,Reptile
67,22,45,7465,fw_fish
26,4,22,7516,Amphibian
316,26,290,7516,Bird
105,5,100,7516,Mammal
59,3,56,7516,Reptile
67,14,53,7516,fw_fish
26,4,22,7517,Amphibian
324,27,297,7517,Bird
104,5,99,7517,Mammal
61,3,58,7517,Reptile
68,14,54,7517,fw_fish
26,4,22,7518,Amphibian
325,27,298,7518,Bird
106,4,102,7518,Mammal
59,3,56,7518,Reptile
72,14,58,7518,fw_fish
37,1,36,7522,Amphibian
373,97,276,7522,Bird
123,14,109,7522,Mammal
81,14,67,7522,Reptile
103,10,93,7522,fw_fish
81,23,58,7523,fw_fish
25,2,23,7834,Amphibian
354,36,318,7834,Bird
98,3,95,7834,Mammal
59,4,55,7834,Reptile
51,18,33,7834,fw_fish
37,3,34,7838,Amphibian
380,94,286,7838,Bird
102,9,93,7838,Mammal
66,10,56,7838,Reptile
62,19,43,7838,fw_fish
24,2,22,7843,Amphibian
371,77,294,7843,Bird
98,5,93,7843,Mammal
63,7,56,7843,Reptile
64,18,46,7843,fw_fish
32,2,30,7844,Amphibian
357,95,262,7844,Bird
87,9,78,7844,Mammal
69,12,57,7844,Reptile
63,21,42,7844,fw_fish
25,2,23,7845,Amphibian
366,77,289,7845,Bird
87,6,81,7845,Mammal
59,7,52,7845,Reptile
78,27,51,7845,fw_fish
22,2,20,7846,Amphibian
363,68,295,7846,Bird
85,5,80,7846,Mammal
60,6,54,7846,Reptile
78,27,51,7846,fw_fish
34,4,30,7851,Amphibian
357,97,260,7851,Bird
94,13,81,7851,Mammal
76,15,61,7851,Reptile
109,33,76,7851,fw_fish
26,3,23,7852,Amphibian
336,33,303,7852,Bird
85,3,82,7852,Mammal
58,4,54,7852,Reptile
55,18,37,7852,fw_fish
29,3,26,7856,Amphibian
350,31,319,7856,Bird
99,4,95,7856,Mammal
57,4,53,7856,Reptile
42,13,29,7856,fw_fish
28,3,25,7860,Amphibian
399,39,360,7860,Bird
91,3,88,7860,Mammal
64,5,59,7860,Reptile
46,17,29,7860,fw_fish
28,3,25,7863,Amphibian
356,34,322,7863,Bird
104,5,99,7863,Mammal
64,4,60,7863,Reptile
46,16,30,7863,fw_fish
29,4,25,7864,Amphibian
369,40,329,7864,Bird
100,3,97,7864,Mammal
61,3,58,7864,Reptile
31,12,19,7864,fw_fish
23,1,22,7870,Amphibian
343,40,303,7870,Bird
78,6,72,7870,Mammal
41,5,36,7870,Reptile
76,30,46,7870,fw_fish
17,1,16,7872,Amphibian
336,41,295,7872,Bird
60,5,55,7872,Mammal
44,9,35,7872,Reptile
43,17,26,7872,fw_fish
28,2,26,7873,Amphibian
471,66,405,7873,Bird
118,8,110,7873,Mammal
62,6,56,7873,Reptile
72,23,49,7873,fw_fish
26,3,23,7874,Amphibian
361,37,324,7874,Bird
94,3,91,7874,Mammal
55,4,51,7874,Reptile
27,11,16,7874,fw_fish
26,2,24,7875,Amphibian
380,37,343,7875,Bird
81,2,79,7875,Mammal
57,5,52,7875,Reptile
27,9,18,7875,fw_fish
25,2,23,7957,Amphibian
311,33,278,7957,Bird
119,7,112,7957,Mammal
67,3,64,7957,Reptile
71,18,53,7957,fw_fish
34,0,34,8515,Amphibian
388,72,316,8515,Bird
137,11,126,8515,Mammal
60,2,58,8515,Reptile
107,23,84,8515,fw_fish
39,0,39,8516,Amphibian
395,78,317,8516,Bird
136,11,125,8516,Mammal
63,2,61,8516,Reptile
94,20,74,8516,fw_fish
36,0,36,8517,Amphibian
396,76,320,8517,Bird
138,10,128,8517,Mammal
55,0,55,8517,Reptile
93,20,73,8517,fw_fish
1,1,0,9024,fw_fish
2,0,2,9033,Amphibian
114,19,95,9033,Bird
17,5,12,9033,Mammal
18,7,11,9033,Reptile
2,0,2,9033,fw_fish
7,0,7,9034,Amphibian
272,36,236,9034,Bird
59,7,52,9034,Mammal
20,6,14,9034,Reptile
11,1,10,9034,fw_fish
45,1,44,9170,Amphibian
352,94,258,9170,Bird
143,14,129,9170,Mammal
77,13,64,9170,Reptile
84,16,68,9170,fw_fish
44,0,44,9171,Amphibian
389,94,295,9171,Bird
128,10,118,9171,Mammal
70,9,61,9171,Reptile
100,20,80,9171,fw_fish
61,3,58,9176,Amphibian
405,97,308,9176,Bird
158,15,143,9176,Mammal
89,13,76,9176,Reptile
98,17,81,9176,fw_fish
28,4,24,9264,Amphibian
351,34,317,9264,Bird
101,6,95,9264,Mammal
58,6,52,9264,Reptile
40,12,28,9264,fw_fish
25,4,21,9265,Amphibian
346,34,312,9265,Bird
98,5,93,9265,Mammal
56,5,51,9265,Reptile
39,11,28,9265,fw_fish
81,23,58,9545,fw_fish
36,1,35,10732,Amphibian
393,73,320,10732,Bird
136,10,126,10732,Mammal
58,1,57,10732,Reptile
96,20,76,10732,fw_fish
24,0,24,10733,Amphibian
336,43,293,10733,Bird
127,12,115,10733,Mammal
60,0,60,10733,Reptile
107,15,92,10733,fw_fish
37,0,37,10741,Amphibian
353,85,268,10741,Bird
119,8,111,10741,Mammal
63,7,56,10741,Reptile
90,18,72,10741,fw_fish
28,3,25,11596,Amphibian
338,30,308,11596,Bird
96,4,92,11596,Mammal
60,5,55,11596,Reptile
47,14,33,11596,fw_fish
25,2,23,11597,Amphibian
411,67,344,11597,Bird
102,9,93,11597,Mammal
76,11,65,11597,Reptile
41,14,27,11597,fw_fish
24,1,23,11599,Amphibian
320,41,279,11599,Bird
116,8,108,11599,Mammal
77,5,72,11599,Reptile
112,37,75,11599,fw_fish
30,4,26,11609,Amphibian
307,33,274,11609,Bird
106,8,98,11609,Mammal
57,3,54,11609,Reptile
93,7,86,11609,fw_fish
24,3,21,12201,Amphibian
376,38,338,12201,Bird
102,7,95,12201,Mammal
59,6,53,12201,Reptile
51,17,34,12201,fw_fish
7,1,6,13749,Amphibian
266,32,234,13749,Bird
54,9,45,13749,Mammal
31,8,23,13749,Reptile
20,6,14,13749,fw_fish
6,1,5,13930,Amphibian
310,40,270,13930,Bird
44,6,38,13930,Mammal
35,8,27,13930,Reptile
67,16,51,13930,fw_fish
4,1,3,17367,fw_fish
19,3,16,17727,Amphibian
364,39,325,17727,Bird
91,6,85,17727,Mammal
57,8,49,17727,Reptile
38,14,24,17727,fw_fish
31,0,31,19249,Amphibian
376,83,293,19249,Bird
107,5,102,19249,Mammal
55,2,53,19249,Reptile
80,13,67,19249,fw_fish
24,1,23,19277,Amphibian
313,44,269,19277,Bird
112,8,104,19277,Mammal
68,4,64,19277,Reptile
92,27,65,19277,fw_fish
16,2,14,20171,Amphibian
350,41,309,20171,Bird
61,6,55,20171,Mammal
39,7,32,20171,Reptile
94,36,58,20171,fw_fish
40,1,39,20174,Amphibian
363,98,265,20174,Bird
123,14,109,20174,Mammal
80,14,66,20174,Reptile
95,11,84,20174,fw_fish
55,2,53,20175,Amphibian
394,95,299,20175,Bird
153,15,138,20175,Mammal
88,13,75,20175,Reptile
81,10,71,20175,fw_fish
41,0,41,20177,Amphibian
422,99,323,20177,Bird
153,15,138,20177,Mammal
79,11,68,20177,Reptile
99,20,79,20177,fw_fish
76,7,69,20299,Amphibian
512,124,388,20299,Bird
145,16,129,20299,Mammal
93,20,73,20299,Reptile
126,42,84,20299,fw_fish
27,4,23,20975,Amphibian
353,28,325,20975,Bird
102,3,99,20975,Mammal
61,3,58,20975,Reptile
64,20,44,20975,fw_fish
27,4,23,20976,Amphibian
332,30,302,20976,Bird
106,5,101,20976,Mammal
63,2,61,20976,Reptile
54,15,39,20976,fw_fish
24,2,22,20978,Amphibian
321,32,289,20978,Bird
117,7,110,20978,Mammal
69,3,66,20978,Reptile
54,13,41,20978,fw_fish
31,0,31,26440,Amphibian
366,68,298,26440,Bird
130,11,119,26440,Mammal
88,6,82,26440,Reptile
75,15,60,26440,fw_fish
26,4,22,26441,Amphibian
337,30,307,26441,Bird
118,7,111,26441,Mammal
64,2,62,26441,Reptile
46,15,31,26441,fw_fish
26,4,22,26442,Amphibian
342,27,315,26442,Bird
104,4,100,26442,Mammal
62,2,60,26442,Reptile
71,21,50,26442,fw_fish
27,4,23,26443,Amphibian
356,28,328,26443,Bird
105,6,99,26443,Mammal
59,3,56,26443,Reptile
83,29,54,26443,fw_fish
27,4,23,26444,Amphibian
348,28,320,26444,Bird
103,6,97,26444,Mammal
59,3,56,26444,Reptile
48,16,32,26444,fw_fish
31,4,27,26446,Amphibian
379,39,340,26446,Bird
127,10,117,26446,Mammal
74,5,69,26446,Reptile
92,28,64,26446,fw_fish
27,4,23,26447,Amphibian
348,28,320,26447,Bird
102,6,96,26447,Mammal
59,3,56,26447,Reptile
78,28,50,26447,fw_fish
27,4,23,26448,Amphibian
348,28,320,26448,Bird
104,6,98,26448,Mammal
61,2,59,26448,Reptile
50,17,33,26448,fw_fish
30,0,30,26449,Amphibian
370,72,298,26449,Bird
144,11,133,26449,Mammal
86,6,80,26449,Reptile
112,29,83,26449,fw_fish
32,0,32,26450,Amphibian
376,75,301,26450,Bird
137,12,125,26450,Mammal
91,7,84,26450,Reptile
74,15,59,26450,fw_fish
32,0,32,26451,Amphibian
373,75,298,26451,Bird
135,12,123,26451,Mammal
91,7,84,26451,Reptile
89,19,70,26451,fw_fish
33,0,33,26452,Amphibian
395,80,315,26452,Bird
137,12,125,26452,Mammal
95,10,85,26452,Reptile
89,19,70,26452,fw_fish
32,0,32,26453,Amphibian
389,89,300,26453,Bird
127,11,116,26453,Mammal
85,12,73,26453,Reptile
53,6,47,26453,fw_fish
32,0,32,26454,Amphibian
387,87,300,26454,Bird
126,11,115,26454,Mammal
85,12,73,26454,Reptile
58,7,51,26454,fw_fish
32,0,32,26455,Amphibian
387,87,300,26455,Bird
128,11,117,26455,Mammal
85,12,73,26455,Reptile
59,8,51,26455,fw_fish
32,0,32,26456,Amphibian
385,87,298,26456,Bird
127,11,116,26456,Mammal
85,12,73,26456,Reptile
58,7,51,26456,fw_fish
37,0,37,26457,Amphibian
352,91,261,26457,Bird
139,15,124,26457,Mammal
71,9,62,26457,Reptile
59,7,52,26457,fw_fish
38,1,37,26458,Amphibian
353,96,257,26458,Bird
126,15,111,26458,Mammal
83,13,70,26458,Reptile
87,14,73,26458,fw_fish
40,1,39,26460,Amphibian
390,100,290,26460,Bird
128,15,113,26460,Mammal
87,13,74,26460,Reptile
91,16,75,26460,fw_fish
22,1,21,26462,Amphibian
325,49,276,26462,Bird
135,9,126,26462,Mammal
65,5,60,26462,Reptile
58,19,39,26462,fw_fish
40,1,39,26463,Amphibian
381,97,284,26463,Bird
128,15,113,26463,Mammal
86,12,74,26463,Reptile
91,16,75,26463,fw_fish
27,4,23,26501,Amphibian
358,30,328,26501,Bird
104,6,98,26501,Mammal
62,5,57,26501,Reptile
74,26,48,26501,fw_fish
32,1,31,26505,Amphibian
340,43,297,26505,Bird
134,10,124,26505,Mammal
95,10,85,26505,Reptile
64,14,50,26505,fw_fish
28,1,27,26506,Amphibian
347,48,299,26506,Bird
135,10,125,26506,Mammal
93,10,83,26506,Reptile
69,15,54,26506,fw_fish
32,1,31,26507,Amphibian
355,45,310,26507,Bird
136,10,126,26507,Mammal
95,10,85,26507,Reptile
69,15,54,26507,fw_fish
32,0,32,26509,Amphibian
367,64,303,26509,Bird
131,11,120,26509,Mammal
93,9,84,26509,Reptile
81,16,65,26509,fw_fish
27,0,27,26510,Amphibian
353,52,301,26510,Bird
136,10,126,26510,Mammal
92,10,82,26510,Reptile
64,14,50,26510,fw_fish
33,0,33,26511,Amphibian
368,65,303,26511,Bird
128,10,118,26511,Mammal
94,9,85,26511,Reptile
81,16,65,26511,fw_fish
28,0,28,26513,Amphibian
368,66,302,26513,Bird
131,10,121,26513,Mammal
91,6,85,26513,Reptile
64,14,50,26513,fw_fish
30,0,30,26514,Amphibian
353,53,300,26514,Bird
133,10,123,26514,Mammal
94,10,84,26514,Reptile
64,14,50,26514,fw_fish
29,0,29,26515,Amphibian
366,57,309,26515,Bird
133,9,124,26515,Mammal
96,10,86,26515,Reptile
64,14,50,26515,fw_fish
27,0,27,26516,Amphibian
374,66,308,26516,Bird
135,10,125,26516,Mammal
89,5,84,26516,Reptile
111,29,82,26516,fw_fish
26,4,22,26522,Amphibian
325,31,294,26522,Bird
87,5,82,26522,Mammal
56,4,52,26522,Reptile
42,15,27,26522,fw_fish
26,4,22,26524,Amphibian
341,29,312,26524,Bird
98,5,93,26524,Mammal
58,3,55,26524,Reptile
45,16,29,26524,fw_fish
26,4,22,26525,Amphibian
321,31,290,26525,Bird
89,5,84,26525,Mammal
60,4,56,26525,Reptile
78,25,53,26525,fw_fish
25,4,21,26526,Amphibian
337,28,309,26526,Bird
105,6,99,26526,Mammal
62,2,60,26526,Reptile
53,18,35,26526,fw_fish
26,4,22,26527,Amphibian
320,30,290,26527,Bird
93,5,88,26527,Mammal
60,4,56,26527,Reptile
80,27,53,26527,fw_fish
26,4,22,26528,Amphibian
330,30,300,26528,Bird
89,5,84,26528,Mammal
55,4,51,26528,Reptile
45,16,29,26528,fw_fish
26,4,22,26530,Amphibian
320,31,289,26530,Bird
90,5,85,26530,Mammal
57,5,52,26530,Reptile
80,27,53,26530,fw_fish
26,4,22,26531,Amphibian
328,30,298,26531,Bird
89,5,84,26531,Mammal
57,4,53,26531,Reptile
42,15,27,26531,fw_fish
26,4,22,26535,Amphibian
333,30,303,26535,Bird
88,5,83,26535,Mammal
56,4,52,26535,Reptile
45,16,29,26535,fw_fish
26,4,22,26536,Amphibian
336,30,306,26536,Bird
93,5,88,26536,Mammal
55,4,51,26536,Reptile
47,17,30,26536,fw_fish
26,4,22,26538,Amphibian
337,28,309,26538,Bird
99,5,94,26538,Mammal
58,3,55,26538,Reptile
45,16,29,26538,fw_fish
26,4,22,26543,Amphibian
338,28,310,26543,Bird
99,5,94,26543,Mammal
58,3,55,26543,Reptile
47,17,30,26543,fw_fish
26,4,22,26544,Amphibian
358,30,328,26544,Bird
104,6,98,26544,Mammal
61,5,56,26544,Reptile
47,17,30,26544,fw_fish
26,4,22,26546,Amphibian
342,29,313,26546,Bird
99,5,94,26546,Mammal
57,4,53,26546,Reptile
45,16,29,26546,fw_fish
26,4,22,26547,Amphibian
336,30,306,26547,Bird
93,5,88,26547,Mammal
55,4,51,26547,Reptile
45,16,29,26547,fw_fish
26,4,22,26551,Amphibian
338,28,310,26551,Bird
96,5,91,26551,Mammal
56,3,53,26551,Reptile
47,17,30,26551,fw_fish
26,4,22,26552,Amphibian
349,29,320,26552,Bird
97,5,92,26552,Mammal
57,3,54,26552,Reptile
45,16,29,26552,fw_fish
26,4,22,26553,Amphibian
340,30,310,26553,Bird
117,7,110,26553,Mammal
64,2,62,26553,Reptile
48,15,33,26553,fw_fish
27,4,23,26558,Amphibian
345,37,308,26558,Bird
130,10,120,26558,Mammal
69,3,66,26558,Reptile
112,29,83,26558,fw_fish
28,4,24,26559,Amphibian
351,42,309,26559,Bird
129,8,121,26559,Mammal
71,3,68,26559,Reptile
46,15,31,26559,fw_fish
24,2,22,26564,Amphibian
322,32,290,26564,Bird
120,8,112,26564,Mammal
62,3,59,26564,Reptile
62,17,45,26564,fw_fish
31,0,31,26572,Amphibian
359,82,277,26572,Bird
139,11,128,26572,Mammal
72,7,65,26572,Reptile
82,14,68,26572,fw_fish
32,0,32,26573,Amphibian
356,79,277,26573,Bird
137,11,126,26573,Mammal
72,7,65,26573,Reptile
59,11,48,26573,fw_fish
31,0,31,26574,Amphibian
355,79,276,26574,Bird
138,11,127,26574,Mammal
72,7,65,26574,Reptile
59,11,48,26574,fw_fish
25,2,23,26625,Amphibian
349,36,313,26625,Bird
115,6,109,26625,Mammal
68,5,63,26625,Reptile
128,47,81,26625,fw_fish
32,2,30,26627,Amphibian
374,92,282,26627,Bird
96,9,87,26627,Mammal
71,9,62,26627,Reptile
86,28,58,26627,fw_fish
24,3,21,28524,Amphibian
291,31,260,28524,Bird
68,2,66,28524,Mammal
53,7,46,28524,Reptile
65,22,43,28524,fw_fish
26,4,22,28525,Amphibian
300,32,268,28525,Bird
73,2,71,28525,Mammal
58,6,52,28525,Reptile
64,21,43,28525,fw_fish
25,4,21,28527,Amphibian
301,29,272,28527,Bird
78,5,73,28527,Mammal
58,5,53,28527,Reptile
64,21,43,28527,fw_fish
23,3,20,28528,Amphibian
292,32,260,28528,Bird
68,2,66,28528,Mammal
46,7,39,28528,Reptile
65,22,43,28528,fw_fish
26,4,22,28529,Amphibian
302,33,269,28529,Bird
76,4,72,28529,Mammal
57,5,52,28529,Reptile
67,22,45,28529,fw_fish
26,4,22,28530,Amphibian
301,32,269,28530,Bird
73,2,71,28530,Mammal
58,7,51,28530,Reptile
64,21,43,28530,fw_fish
24,3,21,28531,Amphibian
291,31,260,28531,Bird
67,2,65,28531,Mammal
53,7,46,28531,Reptile
65,22,43,28531,fw_fish
21,3,18,28533,Amphibian
305,31,274,28533,Bird
74,3,71,28533,Mammal
55,7,48,28533,Reptile
41,15,26,28533,fw_fish
22,3,19,28534,Amphibian
308,30,278,28534,Bird
72,3,69,28534,Mammal
56,7,49,28534,Reptile
41,16,25,28534,fw_fish
26,4,22,28535,Amphibian
327,31,296,28535,Bird
88,5,83,28535,Mammal
55,5,50,28535,Reptile
45,16,29,28535,fw_fish
20,3,17,28536,Amphibian
298,31,267,28536,Bird
69,3,66,28536,Mammal
50,7,43,28536,Reptile
41,15,26,28536,fw_fish
22,3,19,28537,Amphibian
309,30,279,28537,Bird
72,3,69,28537,Mammal
56,7,49,28537,Reptile
41,16,25,28537,fw_fish
25,4,21,28540,Amphibian
326,29,297,28540,Bird
89,5,84,28540,Mammal
53,5,48,28540,Reptile
40,13,27,28540,fw_fish
21,3,18,28541,Amphibian
306,31,275,28541,Bird
77,3,74,28541,Mammal
54,7,47,28541,Reptile
25,6,19,28541,fw_fish
25,4,21,28543,Amphibian
294,28,266,28543,Bird
75,4,71,28543,Mammal
55,5,50,28543,Reptile
69,21,48,28543,fw_fish
26,4,22,28544,Amphibian
301,30,271,28544,Bird
78,5,73,28544,Mammal
59,5,54,28544,Reptile
64,21,43,28544,fw_fish
26,4,22,28545,Amphibian
310,29,281,28545,Bird
84,5,79,28545,Mammal
57,4,53,28545,Reptile
71,24,47,28545,fw_fish
27,4,23,28547,Amphibian
331,28,303,28547,Bird
110,6,104,28547,Mammal
65,3,62,28547,Reptile
49,16,33,28547,fw_fish
15,2,13,28548,Amphibian
283,32,251,28548,Bird
63,3,60,28548,Mammal
43,7,36,28548,Reptile
21,6,15,28548,fw_fish
16,2,14,28549,Amphibian
284,31,253,28549,Bird
65,3,62,28549,Mammal
47,8,39,28549,Reptile
32,12,20,28549,fw_fish
18,3,15,28550,Amphibian
294,31,263,28550,Bird
69,3,66,28550,Mammal
49,7,42,28550,Reptile
41,15,26,28550,fw_fish
26,4,22,28551,Amphibian
301,33,268,28551,Bird
75,4,71,28551,Mammal
57,5,52,28551,Reptile
67,22,45,28551,fw_fish
25,4,21,28553,Amphibian
303,32,271,28553,Bird
78,5,73,28553,Mammal
57,5,52,28553,Reptile
67,22,45,28553,fw_fish
25,3,22,28554,Amphibian
301,32,269,28554,Bird
72,2,70,28554,Mammal
58,7,51,28554,Reptile
64,21,43,28554,fw_fish
25,4,21,28555,Amphibian
315,31,284,28555,Bird
78,3,75,28555,Mammal
58,7,51,28555,Reptile
41,14,27,28555,fw_fish
26,4,22,28556,Amphibian
321,31,290,28556,Bird
89,5,84,28556,Mammal
56,5,51,28556,Reptile
42,15,27,28556,fw_fish
20,3,17,28557,Amphibian
294,31,263,28557,Bird
63,2,61,28557,Mammal
47,7,40,28557,Reptile
63,21,42,28557,fw_fish
21,3,18,28558,Amphibian
297,30,267,28558,Bird
65,2,63,28558,Mammal
48,7,41,28558,Reptile
63,21,42,28558,fw_fish
25,4,21,28559,Amphibian
309,25,284,28559,Bird
100,3,97,28559,Mammal
52,2,50,28559,Reptile
65,13,52,28559,fw_fish
27,4,23,28560,Amphibian
314,27,287,28560,Bird
91,5,86,28560,Mammal
57,4,53,28560,Reptile
67,14,53,28560,fw_fish
26,4,22,28561,Amphibian
314,26,288,28561,Bird
105,5,100,28561,Mammal
59,3,56,28561,Reptile
67,14,53,28561,fw_fish
27,4,23,28562,Amphibian
312,27,285,28562,Bird
93,5,88,28562,Mammal
56,4,52,28562,Reptile
67,14,53,28562,fw_fish
27,4,23,28563,Amphibian
312,27,285,28563,Bird
94,5,89,28563,Mammal
59,4,55,28563,Reptile
59,16,43,28563,fw_fish
25,4,21,28564,Amphibian
326,27,299,28564,Bird
107,4,103,28564,Mammal
61,3,58,28564,Reptile
72,14,58,28564,fw_fish
26,4,22,28565,Amphibian
312,26,286,28565,Bird
101,3,98,28565,Mammal
56,3,53,28565,Reptile
72,14,58,28565,fw_fish
23,3,20,28566,Amphibian
293,32,261,28566,Bird
68,2,66,28566,Mammal
47,7,40,28566,Reptile
65,22,43,28566,fw_fish
25,4,21,28568,Amphibian
304,29,275,28568,Bird
76,5,71,28568,Mammal
58,5,53,28568,Reptile
62,20,42,28568,fw_fish
25,4,21,28569,Amphibian
301,29,272,28569,Bird
77,5,72,28569,Mammal
57,5,52,28569,Reptile
62,20,42,28569,fw_fish
26,4,22,28570,Amphibian
311,28,283,28570,Bird
87,5,82,28570,Mammal
58,4,54,28570,Reptile
61,18,43,28570,fw_fish
26,4,22,28571,Amphibian
308,28,280,28571,Bird
80,5,75,28571,Mammal
58,5,53,28571,Reptile
76,23,53,28571,fw_fish
25,4,21,28572,Amphibian
309,29,280,28572,Bird
77,5,72,28572,Mammal
58,5,53,28572,Reptile
62,20,42,28572,fw_fish
27,4,23,28574,Amphibian
310,28,282,28574,Bird
84,5,79,28574,Mammal
56,4,52,28574,Reptile
79,24,55,28574,fw_fish
26,4,22,28576,Amphibian
305,29,276,28576,Bird
78,5,73,28576,Mammal
60,5,55,28576,Reptile
85,27,58,28576,fw_fish
27,4,23,28578,Amphibian
313,27,286,28578,Bird
89,5,84,28578,Mammal
56,4,52,28578,Reptile
90,25,65,28578,fw_fish
26,4,22,28581,Amphibian
303,29,274,28581,Bird
76,4,72,28581,Mammal
57,5,52,28581,Reptile
79,25,54,28581,fw_fish
47,2,45,29066,Amphibian
445,100,345,29066,Bird
157,15,142,29066,Mammal
88,13,75,29066,Reptile
101,20,81,29066,fw_fish
65,4,61,29067,Amphibian
414,97,317,29067,Bird
159,15,144,29067,Mammal
95,13,82,29067,Reptile
106,22,84,29067,fw_fish
29,4,25,29069,Amphibian
306,30,276,29069,Bird
96,5,91,29069,Mammal
56,3,53,29069,Reptile
57,8,49,29069,fw_fish
24,0,24,29330,Amphibian
283,40,243,29330,Bird
81,6,75,29330,Mammal
54,0,54,29330,Reptile
82,10,72,29330,fw_fish
24,0,24,29331,Amphibian
287,41,246,29331,Bird
84,6,78,29331,Mammal
57,0,57,29331,Reptile
82,10,72,29331,fw_fish
24,0,24,29333,Amphibian
279,35,244,29333,Bird
87,6,81,29333,Mammal
60,0,60,29333,Reptile
93,11,82,29333,fw_fish
24,0,24,29335,Amphibian
276,36,240,29335,Bird
83,6,77,29335,Mammal
58,0,58,29335,Reptile
93,11,82,29335,fw_fish
23,0,23,29337,Amphibian
281,31,250,29337,Bird
103,10,93,29337,Mammal
61,0,61,29337,Reptile
102,14,88,29337,fw_fish
23,0,23,29339,Amphibian
279,28,251,29339,Bird
108,11,97,29339,Mammal
61,0,61,29339,Reptile
100,14,86,29339,fw_fish
24,0,24,29340,Amphibian
286,32,254,29340,Bird
99,10,89,29340,Mammal
62,0,62,29340,Reptile
117,16,101,29340,fw_fish
24,0,24,29349,Amphibian
286,32,254,29349,Bird
100,10,90,29349,Mammal
62,0,62,29349,Reptile
102,14,88,29349,fw_fish
24,0,24,29351,Amphibian
289,35,254,29351,Bird
92,6,86,29351,Mammal
62,0,62,29351,Reptile
87,9,78,29351,fw_fish
31,4,27,29352,Amphibian
315,37,278,29352,Bird
113,11,102,29352,Mammal
73,2,71,29352,Reptile
106,18,88,29352,fw_fish
21,1,20,29353,Amphibian
277,26,251,29353,Bird
105,11,94,29353,Mammal
62,0,62,29353,Reptile
63,5,58,29353,fw_fish
25,3,22,29355,Amphibian
268,26,242,29355,Bird
100,8,92,29355,Mammal
65,2,63,29355,Reptile
87,7,80,29355,fw_fish
23,1,22,29356,Amphibian
267,26,241,29356,Bird
96,8,88,29356,Mammal
61,0,61,29356,Reptile
93,8,85,29356,fw_fish
25,4,21,29357,Amphibian
289,28,261,29357,Bird
90,3,87,29357,Mammal
59,3,56,29357,Reptile
105,37,68,29357,fw_fish
25,3,22,29358,Amphibian
275,27,248,29358,Bird
102,9,93,29358,Mammal
59,2,57,29358,Reptile
51,4,47,29358,fw_fish
27,3,24,29359,Amphibian
275,26,249,29359,Bird
99,8,91,29359,Mammal
52,2,50,29359,Reptile
84,7,77,29359,fw_fish
22,2,20,29366,Amphibian
274,26,248,29366,Bird
103,9,94,29366,Mammal
57,1,56,29366,Reptile
87,18,69,29366,fw_fish
24,3,21,29367,Amphibian
273,24,249,29367,Bird
105,10,95,29367,Mammal
57,1,56,29367,Reptile
48,12,36,29367,fw_fish
21,1,20,29370,Amphibian
273,26,247,29370,Bird
105,10,95,29370,Mammal
57,1,56,29370,Reptile
75,8,67,29370,fw_fish
26,4,22,29371,Amphibian
277,24,253,29371,Bird
100,7,93,29371,Mammal
59,2,57,29371,Reptile
48,12,36,29371,fw_fish
25,3,22,29372,Amphibian
275,26,249,29372,Bird
103,9,94,29372,Mammal
56,1,55,29372,Reptile
48,12,36,29372,fw_fish
25,3,22,29373,Amphibian
271,24,247,29373,Bird
102,8,94,29373,Mammal
58,2,56,29373,Reptile
48,12,36,29373,fw_fish
25,3,22,29375,Amphibian
274,24,250,29375,Bird
102,8,94,29375,Mammal
59,2,57,29375,Reptile
48,12,36,29375,fw_fish
21,1,20,29376,Amphibian
276,28,248,29376,Bird
110,10,100,29376,Mammal
56,1,55,29376,Reptile
60,7,53,29376,fw_fish
21,1,20,29377,Amphibian
275,27,248,29377,Bird
107,10,97,29377,Mammal
57,0,57,29377,Reptile
63,5,58,29377,fw_fish
22,1,21,29378,Amphibian
287,29,258,29378,Bird
113,10,103,29378,Mammal
56,1,55,29378,Reptile
60,7,53,29378,fw_fish
26,4,22,29379,Amphibian
282,24,258,29379,Bird
96,7,89,29379,Mammal
51,2,49,29379,Reptile
51,13,38,29379,fw_fish
51,1,50,29380,Amphibian
379,96,283,29380,Bird
138,13,125,29380,Mammal
79,13,66,29380,Reptile
82,10,72,29380,fw_fish
26,4,22,29381,Amphibian
277,24,253,29381,Bird
100,7,93,29381,Mammal
59,2,57,29381,Reptile
48,12,36,29381,fw_fish
28,4,24,29382,Amphibian
277,24,253,29382,Bird
96,8,88,29382,Mammal
55,3,52,29382,Reptile
38,12,26,29382,fw_fish
27,4,23,29384,Amphibian
275,23,252,29384,Bird
98,8,90,29384,Mammal
58,2,56,29384,Reptile
38,12,26,29384,fw_fish
26,3,23,29385,Amphibian
273,24,249,29385,Bird
101,8,93,29385,Mammal
62,2,60,29385,Reptile
38,12,26,29385,fw_fish
25,3,22,29386,Amphibian
273,23,250,29386,Bird
105,9,96,29386,Mammal
62,2,60,29386,Reptile
81,15,66,29386,fw_fish
26,3,23,29387,Amphibian
271,23,248,29387,Bird
99,8,91,29387,Mammal
62,2,60,29387,Reptile
38,12,26,29387,fw_fish
27,4,23,29388,Amphibian
273,22,251,29388,Bird
103,9,94,29388,Mammal
61,3,58,29388,Reptile
60,5,55,29388,fw_fish
27,4,23,29391,Amphibian
276,24,252,29391,Bird
100,8,92,29391,Mammal
59,3,56,29391,Reptile
60,5,55,29391,fw_fish
25,3,22,29394,Amphibian
270,23,247,29394,Bird
101,9,92,29394,Mammal
60,1,59,29394,Reptile
60,5,55,29394,fw_fish
25,3,22,29395,Amphibian
271,27,244,29395,Bird
100,10,90,29395,Mammal
63,1,62,29395,Reptile
60,5,55,29395,fw_fish
25,3,22,29396,Amphibian
272,27,245,29396,Bird
100,10,90,29396,Mammal
60,0,60,29396,Reptile
60,5,55,29396,fw_fish
22,1,21,29397,Amphibian
266,26,240,29397,Bird
97,9,88,29397,Mammal
60,0,60,29397,Reptile
65,5,60,29397,fw_fish
33,4,29,29398,Amphibian
359,49,310,29398,Bird
118,10,108,29398,Mammal
76,3,73,29398,Reptile
94,10,84,29398,fw_fish
29,4,25,29399,Amphibian
284,26,258,29399,Bird
96,8,88,29399,Mammal
54,3,51,29399,Reptile
58,5,53,29399,fw_fish
27,4,23,29401,Amphibian
281,24,257,29401,Bird
94,7,87,29401,Mammal
54,3,51,29401,Reptile
51,5,46,29401,fw_fish
28,4,24,29402,Amphibian
278,24,254,29402,Bird
97,8,89,29402,Mammal
54,3,51,29402,Reptile
38,12,26,29402,fw_fish
28,4,24,29404,Amphibian
278,24,254,29404,Bird
97,8,89,29404,Mammal
56,3,53,29404,Reptile
60,5,55,29404,fw_fish
29,4,25,29406,Amphibian
283,25,258,29406,Bird
98,7,91,29406,Mammal
51,2,49,29406,Reptile
51,4,47,29406,fw_fish
28,4,24,29407,Amphibian
283,27,256,29407,Bird
95,7,88,29407,Mammal
52,2,50,29407,Reptile
52,4,48,29407,fw_fish
28,4,24,29408,Amphibian
283,27,256,29408,Bird
95,7,88,29408,Mammal
52,2,50,29408,Reptile
48,4,44,29408,fw_fish
28,4,24,29409,Amphibian
294,28,266,29409,Bird
95,6,89,29409,Mammal
54,2,52,29409,Reptile
71,8,63,29409,fw_fish
28,4,24,29410,Amphibian
295,28,267,29410,Bird
98,6,92,29410,Mammal
57,4,53,29410,Reptile
74,8,66,29410,fw_fish
26,4,22,29412,Amphibian
287,26,261,29412,Bird
92,4,88,29412,Mammal
53,4,49,29412,Reptile
55,6,49,29412,fw_fish
27,4,23,29413,Amphibian
301,29,272,29413,Bird
96,4,92,29413,Mammal
51,4,47,29413,Reptile
45,6,39,29413,fw_fish
25,3,22,29414,Amphibian
272,24,248,29414,Bird
103,9,94,29414,Mammal
56,1,55,29414,Reptile
48,12,36,29414,fw_fish
26,4,22,29415,Amphibian
286,26,260,29415,Bird
92,4,88,29415,Mammal
53,4,49,29415,Reptile
39,4,35,29415,fw_fish
25,4,21,29416,Amphibian
287,25,262,29416,Bird
92,5,87,29416,Mammal
52,2,50,29416,Reptile
35,10,25,29416,fw_fish
26,4,22,29417,Amphibian
287,26,261,29417,Bird
96,7,89,29417,Mammal
55,3,52,29417,Reptile
54,14,40,29417,fw_fish
25,4,21,29419,Amphibian
288,24,264,29419,Bird
94,5,89,29419,Mammal
52,3,49,29419,Reptile
35,10,25,29419,fw_fish
26,4,22,29421,Amphibian
311,30,281,29421,Bird
106,7,99,29421,Mammal
59,3,56,29421,Reptile
80,24,56,29421,fw_fish
25,4,21,29423,Amphibian
281,25,256,29423,Bird
99,7,92,29423,Mammal
54,2,52,29423,Reptile
70,23,47,29423,fw_fish
25,4,21,29424,Amphibian
280,25,255,29424,Bird
96,7,89,29424,Mammal
53,2,51,29424,Reptile
70,23,47,29424,fw_fish
25,4,21,29425,Amphibian
285,27,258,29425,Bird
101,7,94,29425,Mammal
52,2,50,29425,Reptile
70,23,47,29425,fw_fish
25,4,21,29426,Amphibian
283,26,257,29426,Bird
97,7,90,29426,Mammal
52,2,50,29426,Reptile
70,23,47,29426,fw_fish
26,4,22,29428,Amphibian
291,29,262,29428,Bird
93,4,89,29428,Mammal
51,4,47,29428,Reptile
41,6,35,29428,fw_fish
25,4,21,29434,Amphibian
283,25,258,29434,Bird
96,5,91,29434,Mammal
52,2,50,29434,Reptile
64,20,44,29434,fw_fish
27,4,23,29435,Amphibian
299,27,272,29435,Bird
97,5,92,29435,Mammal
55,4,51,29435,Reptile
52,10,42,29435,fw_fish
23,4,19,29437,Amphibian
294,26,268,29437,Bird
93,4,89,29437,Mammal
51,3,48,29437,Reptile
35,10,25,29437,fw_fish
24,4,20,29438,Amphibian
292,27,265,29438,Bird
91,4,87,29438,Mammal
50,2,48,29438,Reptile
64,20,44,29438,fw_fish
25,4,21,29442,Amphibian
295,31,264,29442,Bird
99,6,93,29442,Mammal
61,3,58,29442,Reptile
98,34,64,29442,fw_fish
26,4,22,29443,Amphibian
298,32,266,29443,Bird
103,6,97,29443,Mammal
63,3,60,29443,Reptile
85,30,55,29443,fw_fish
26,4,22,29445,Amphibian
304,32,272,29445,Bird
102,6,96,29445,Mammal
58,2,56,29445,Reptile
80,24,56,29445,fw_fish
55,5,50,29446,Amphibian
456,92,364,29446,Bird
166,13,153,29446,Mammal
98,12,86,29446,Reptile
142,39,103,29446,fw_fish
25,4,21,29448,Amphibian
289,27,262,29448,Bird
97,4,93,29448,Mammal
52,2,50,29448,Reptile
75,24,51,29448,fw_fish
29,4,25,29450,Amphibian
281,25,256,29450,Bird
97,8,89,29450,Mammal
54,3,51,29450,Reptile
75,15,60,29450,fw_fish
25,3,22,29451,Amphibian
273,22,251,29451,Bird
103,9,94,29451,Mammal
62,2,60,29451,Reptile
63,5,58,29451,fw_fish
23,1,22,29453,Amphibian
297,36,261,29453,Bird
99,6,93,29453,Mammal
56,2,54,29453,Reptile
86,29,57,29453,fw_fish
32,1,31,29454,Amphibian
343,59,284,29454,Bird
120,7,113,29454,Mammal
63,1,62,29454,Reptile
117,34,83,29454,fw_fish
23,2,21,29455,Amphibian
301,36,265,29455,Bird
105,7,98,29455,Mammal
62,3,59,29455,Reptile
86,29,57,29455,fw_fish
29,1,28,29456,Amphibian
331,55,276,29456,Bird
112,6,106,29456,Mammal
58,1,57,29456,Reptile
117,34,83,29456,fw_fish
35,1,34,29459,Amphibian
374,72,302,29459,Bird
120,8,112,29459,Mammal
76,8,68,29459,Reptile
51,7,44,29459,fw_fish
29,1,28,29460,Amphibian
342,52,290,29460,Bird
110,6,104,29460,Mammal
67,3,64,29460,Reptile
121,36,85,29460,fw_fish
38,1,37,29461,Amphibian
368,67,301,29461,Bird
111,10,101,29461,Mammal
73,7,66,29461,Reptile
92,19,73,29461,fw_fish
39,1,38,29462,Amphibian
381,73,308,29462,Bird
118,11,107,29462,Mammal
76,8,68,29462,Reptile
92,19,73,29462,fw_fish
25,1,24,29463,Amphibian
263,27,236,29463,Bird
94,8,86,29463,Mammal
60,1,59,29463,Reptile
69,6,63,29463,fw_fish
27,1,26,29464,Amphibian
305,40,265,29464,Bird
102,6,96,29464,Mammal
63,4,59,29464,Reptile
71,12,59,29464,fw_fish
46,4,42,29465,Amphibian
390,74,316,29465,Bird
127,11,116,29465,Mammal
79,8,71,29465,Reptile
126,36,90,29465,fw_fish
26,1,25,29466,Amphibian
313,42,271,29466,Bird
105,6,99,29466,Mammal
65,3,62,29466,Reptile
87,30,57,29466,fw_fish
41,0,41,29468,Amphibian
367,79,288,29468,Bird
131,8,123,29468,Mammal
63,5,58,29468,Reptile
51,5,46,29468,fw_fish
34,1,33,29470,Amphibian
350,65,285,29470,Bird
128,9,119,29470,Mammal
64,1,63,29470,Reptile
54,8,46,29470,fw_fish
46,2,44,29472,Amphibian
396,90,306,29472,Bird
148,14,134,29472,Mammal
87,13,74,29472,Reptile
57,8,49,29472,fw_fish
24,3,21,29477,Amphibian
305,32,273,29477,Bird
110,7,103,29477,Mammal
63,3,60,29477,Reptile
86,29,57,29477,fw_fish
21,1,20,29478,Amphibian
275,27,248,29478,Bird
106,10,96,29478,Mammal
55,1,54,29478,Reptile
60,7,53,29478,fw_fish
55,2,53,29484,Amphibian
397,94,303,29484,Bird
153,14,139,29484,Mammal
87,13,74,29484,Reptile
89,11,78,29484,fw_fish
31,1,30,29487,Amphibian
351,60,291,29487,Bird
123,10,113,29487,Mammal
74,8,66,29487,Reptile
57,8,49,29487,fw_fish
38,2,36,29488,Amphibian
367,78,289,29488,Bird
129,11,118,29488,Mammal
80,11,69,29488,Reptile
56,8,48,29488,fw_fish
40,1,39,29496,Amphibian
363,92,271,29496,Bird
140,15,125,29496,Mammal
80,11,69,29496,Reptile
91,9,82,29496,fw_fish
32,0,32,29497,Amphibian
352,80,272,29497,Bird
139,10,129,29497,Mammal
66,7,59,29497,Reptile
77,8,69,29497,fw_fish
36,0,36,29498,Amphibian
355,90,265,29498,Bird
136,15,121,29498,Mammal
71,8,63,29498,Reptile
81,8,73,29498,fw_fish
37,0,37,29499,Amphibian
364,92,272,29499,Bird
140,15,125,29499,Mammal
73,10,63,29499,Reptile
90,9,81,29499,fw_fish
36,0,36,29500,Amphibian
377,92,285,29500,Bird
143,14,129,29500,Mammal
70,8,62,29500,Reptile
77,8,69,29500,fw_fish
40,1,39,29503,Amphibian
379,93,286,29503,Bird
133,15,118,29503,Mammal
81,12,69,29503,Reptile
87,9,78,29503,fw_fish
40,1,39,29504,Amphibian
389,98,291,29504,Bird
131,15,116,29504,Mammal
82,14,68,29504,Reptile
89,9,80,29504,fw_fish
41,1,40,29505,Amphibian
387,98,289,29505,Bird
129,15,114,29505,Mammal
79,14,65,29505,Reptile
99,10,89,29505,fw_fish
41,1,40,29506,Amphibian
367,94,273,29506,Bird
138,15,123,29506,Mammal
80,11,69,29506,Reptile
99,10,89,29506,fw_fish
41,1,40,29508,Amphibian
360,93,267,29508,Bird
132,14,118,29508,Mammal
78,12,66,29508,Reptile
94,10,84,29508,fw_fish
41,1,40,29509,Amphibian
365,94,271,29509,Bird
128,14,114,29509,Mammal
79,14,65,29509,Reptile
94,10,84,29509,fw_fish
38,0,38,29514,Amphibian
376,93,283,29514,Bird
136,15,121,29514,Mammal
73,8,65,29514,Reptile
99,10,89,29514,fw_fish
38,1,37,29515,Amphibian
367,93,274,29515,Bird
132,14,118,29515,Mammal
75,10,65,29515,Reptile
92,10,82,29515,fw_fish
38,1,37,29516,Amphibian
366,93,273,29516,Bird
133,14,119,29516,Mammal
75,11,64,29516,Reptile
92,10,82,29516,fw_fish
39,1,38,29520,Amphibian
370,97,273,29520,Bird
128,15,113,29520,Mammal
81,14,67,29520,Reptile
94,10,84,29520,fw_fish
31,1,30,29524,Amphibian
369,72,297,29524,Bird
123,7,116,29524,Mammal
64,7,57,29524,Reptile
55,8,47,29524,fw_fish
30,1,29,29525,Amphibian
378,74,304,29525,Bird
127,7,120,29525,Mammal
73,9,64,29525,Reptile
66,8,58,29525,fw_fish
38,1,37,29526,Amphibian
388,81,307,29526,Bird
133,8,125,29526,Mammal
68,6,62,29526,Reptile
70,9,61,29526,fw_fish
35,1,34,29527,Amphibian
378,77,301,29527,Bird
131,7,124,29527,Mammal
66,6,60,29527,Reptile
64,6,58,29527,fw_fish
38,0,38,29530,Amphibian
384,95,289,29530,Bird
133,13,120,29530,Mammal
75,10,65,29530,Reptile
90,10,80,29530,fw_fish
32,0,32,29534,Amphibian
386,86,300,29534,Bird
131,11,120,29534,Mammal
64,5,59,29534,Reptile
69,7,62,29534,fw_fish
35,0,35,29535,Amphibian
390,91,299,29535,Bird
132,12,120,29535,Mammal
71,6,65,29535,Reptile
66,7,59,29535,fw_fish
38,0,38,29542,Amphibian
390,91,299,29542,Bird
133,12,121,29542,Mammal
73,10,63,29542,Reptile
66,7,59,29542,fw_fish
26,2,24,29545,Amphibian
378,64,314,29545,Bird
130,8,122,29545,Mammal
59,3,56,29545,Reptile
72,7,65,29545,fw_fish
23,4,19,29546,Amphibian
335,31,304,29546,Bird
110,3,107,29546,Mammal
56,2,54,29546,Reptile
61,9,52,29546,fw_fish
27,4,23,29547,Amphibian
348,38,310,29547,Bird
112,3,109,29547,Mammal
59,3,56,29547,Reptile
61,9,52,29547,fw_fish
24,4,20,29549,Amphibian
342,34,308,29549,Bird
111,4,107,29549,Mammal
58,2,56,29549,Reptile
67,10,57,29549,fw_fish
53,3,50,29552,Amphibian
495,104,391,29552,Bird
183,16,167,29552,Mammal
103,13,90,29552,Reptile
100,10,90,29552,fw_fish
25,2,23,29556,Amphibian
385,63,322,29556,Bird
123,7,116,29556,Mammal
58,3,55,29556,Reptile
50,5,45,29556,fw_fish
23,4,19,29560,Amphibian
317,31,286,29560,Bird
107,4,103,29560,Mammal
56,3,53,29560,Reptile
81,18,63,29560,fw_fish
31,4,27,29566,Amphibian
389,55,334,29566,Bird
133,7,126,29566,Mammal
64,3,61,29566,Reptile
59,13,46,29566,fw_fish
32,4,28,29567,Amphibian
400,52,348,29567,Bird
133,7,126,29567,Mammal
63,3,60,29567,Reptile
59,13,46,29567,fw_fish
50,1,49,29570,Amphibian
370,95,275,29570,Bird
144,14,130,29570,Mammal
76,12,64,29570,Reptile
86,17,69,29570,fw_fish
60,2,58,29572,Amphibian
414,96,318,29572,Bird
160,14,146,29572,Mammal
91,13,78,29572,Reptile
86,17,69,29572,fw_fish
31,0,31,29580,Amphibian
379,80,299,29580,Bird
132,9,123,29580,Mammal
62,5,57,29580,Reptile
60,6,54,29580,fw_fish
39,1,38,29581,Amphibian
385,91,294,29581,Bird
132,14,118,29581,Mammal
79,10,69,29581,Reptile
65,6,59,29581,fw_fish
39,1,38,29583,Amphibian
363,96,267,29583,Bird
126,15,111,29583,Mammal
78,14,64,29583,Reptile
74,8,66,29583,fw_fish
37,1,36,29585,Amphibian
346,92,254,29585,Bird
121,13,108,29585,Mammal
76,13,63,29585,Reptile
70,8,62,29585,fw_fish
25,4,21,29586,Amphibian
317,26,291,29586,Bird
101,3,98,29586,Mammal
55,2,53,29586,Reptile
65,13,52,29586,fw_fish
39,1,38,29594,Amphibian
347,91,256,29594,Bird
130,15,115,29594,Mammal
77,12,65,29594,Reptile
68,7,61,29594,fw_fish
51,1,50,29596,Amphibian
380,95,285,29596,Bird
151,14,137,29596,Mammal
82,12,70,29596,Reptile
80,16,64,29596,fw_fish
46,1,45,29597,Amphibian
356,94,262,29597,Bird
139,14,125,29597,Mammal
73,12,61,29597,Reptile
76,12,64,29597,fw_fish
35,1,34,29598,Amphibian
372,94,278,29598,Bird
145,13,132,29598,Mammal
79,11,68,29598,Reptile
68,7,61,29598,fw_fish
27,3,24,29600,Amphibian
370,52,318,29600,Bird
115,7,108,29600,Mammal
56,3,53,29600,Reptile
63,8,55,29600,fw_fish
24,4,20,29605,Amphibian
315,27,288,29605,Bird
102,3,99,29605,Mammal
55,2,53,29605,Reptile
66,11,55,29605,fw_fish
43,1,42,29613,Amphibian
378,93,285,29613,Bird
136,11,125,29613,Mammal
78,9,69,29613,Reptile
63,7,56,29613,fw_fish
34,1,33,29614,Amphibian
390,87,303,29614,Bird
137,8,129,29614,Mammal
73,6,67,29614,Reptile
63,6,57,29614,fw_fish
27,3,24,29615,Amphibian
371,57,314,29615,Bird
118,7,111,29615,Mammal
57,4,53,29615,Reptile
73,7,66,29615,fw_fish
26,2,24,29617,Amphibian
363,55,308,29617,Bird
118,6,112,29617,Mammal
54,3,51,29617,Reptile
56,7,49,29617,fw_fish
25,4,21,29618,Amphibian
298,26,272,29618,Bird
89,3,86,29618,Mammal
51,4,47,29618,Reptile
36,9,27,29618,fw_fish
23,4,19,29619,Amphibian
294,28,266,29619,Bird
95,3,92,29619,Mammal
52,2,50,29619,Reptile
36,9,27,29619,fw_fish
24,4,20,29620,Amphibian
293,27,266,29620,Bird
96,3,93,29620,Mammal
51,2,49,29620,Reptile
35,9,26,29620,fw_fish
23,4,19,29623,Amphibian
293,30,263,29623,Bird
101,5,96,29623,Mammal
55,2,53,29623,Reptile
39,9,30,29623,fw_fish
23,4,19,29624,Amphibian
296,31,265,29624,Bird
101,6,95,29624,Mammal
53,2,51,29624,Reptile
43,11,32,29624,fw_fish
23,4,19,29628,Amphibian
300,30,270,29628,Bird
105,5,100,29628,Mammal
54,2,52,29628,Reptile
65,12,53,29628,fw_fish
33,1,32,29629,Amphibian
408,76,332,29629,Bird
143,8,135,29629,Mammal
65,6,59,29629,Reptile
66,7,59,29629,fw_fish
40,1,39,29631,Amphibian
405,92,313,29631,Bird
142,10,132,29631,Mammal
81,8,73,29631,Reptile
65,6,59,29631,fw_fish
43,1,42,29632,Amphibian
391,94,297,29632,Bird
134,14,120,29632,Mammal
83,11,72,29632,Reptile
81,7,74,29632,fw_fish
40,0,40,29634,Amphibian
384,92,292,29634,Bird
132,13,119,29634,Mammal
81,10,71,29634,Reptile
81,7,74,29634,fw_fish
38,1,37,29635,Amphibian
369,98,271,29635,Bird
130,15,115,29635,Mammal
75,13,62,29635,Reptile
80,7,73,29635,fw_fish
50,2,48,29636,Amphibian
346,96,250,29636,Bird
126,13,113,29636,Mammal
78,13,65,29636,Reptile
80,9,71,29636,fw_fish
40,1,39,29637,Amphibian
351,90,261,29637,Bird
125,15,110,29637,Mammal
78,13,65,29637,Reptile
68,7,61,29637,fw_fish
43,1,42,29638,Amphibian
357,97,260,29638,Bird
125,13,112,29638,Mammal
76,13,63,29638,Reptile
74,8,66,29638,fw_fish
38,1,37,29640,Amphibian
342,94,248,29640,Bird
120,12,108,29640,Mammal
76,13,63,29640,Reptile
90,10,80,29640,fw_fish
24,3,21,29644,Amphibian
317,34,283,29644,Bird
104,6,98,29644,Mammal
53,3,50,29644,Reptile
52,7,45,29644,fw_fish
28,3,25,29806,Amphibian
319,40,279,29806,Bird
99,5,94,29806,Mammal
53,2,51,29806,Reptile
65,6,59,29806,fw_fish
36,0,36,29968,Amphibian
397,77,320,29968,Bird
138,10,128,29968,Mammal
55,0,55,29968,Reptile
93,20,73,29968,fw_fish
38,0,38,29972,Amphibian
345,84,261,29972,Bird
115,8,107,29972,Mammal
63,7,56,29972,Reptile
96,19,77,29972,fw_fish
42,0,42,29973,Amphibian
392,82,310,29973,Bird
139,10,129,29973,Mammal
67,3,64,29973,Reptile
96,21,75,29973,fw_fish
41,0,41,29974,Amphibian
366,82,284,29974,Bird
134,10,124,29974,Mammal
61,3,58,29974,Reptile
60,7,53,29974,fw_fish
29,0,29,29980,Amphibian
367,65,302,29980,Bird
127,9,118,29980,Mammal
54,1,53,29980,Reptile
99,21,78,29980,fw_fish
22,0,22,29981,Amphibian
313,43,270,29981,Bird
122,11,111,29981,Mammal
53,0,53,29981,Reptile
59,8,51,29981,fw_fish
31,0,31,29982,Amphibian
355,67,288,29982,Bird
111,6,105,29982,Mammal
52,0,52,29982,Reptile
99,21,78,29982,fw_fish
37,0,37,29983,Amphibian
346,83,263,29983,Bird
111,7,104,29983,Mammal
60,5,55,29983,Reptile
96,19,77,29983,fw_fish
36,0,36,29985,Amphibian
331,72,259,29985,Bird
115,7,108,29985,Mammal
58,3,55,29985,Reptile
101,18,83,29985,fw_fish
36,0,36,29986,Amphibian
336,83,253,29986,Bird
101,6,95,29986,Mammal
62,7,55,29986,Reptile
107,23,84,29986,fw_fish
42,0,42,29990,Amphibian
367,81,286,29990,Bird
135,10,125,29990,Mammal
63,3,60,29990,Reptile
94,20,74,29990,fw_fish
30,0,30,29999,Amphibian
355,75,280,29999,Bird
104,5,99,29999,Mammal
52,0,52,29999,Reptile
80,13,67,29999,fw_fish
5,0,5,30017,Amphibian
275,39,236,30017,Bird
52,7,45,30017,Mammal
25,6,19,30017,Reptile
5,2,3,30017,fw_fish
26,4,22,31330,Amphibian
413,53,360,31330,Bird
92,4,88,31330,Mammal
56,3,53,31330,Reptile
73,12,61,31330,fw_fish
26,4,22,32995,Amphibian
325,29,296,32995,Bird
102,3,99,32995,Mammal
60,2,58,32995,Reptile
48,11,37,32995,fw_fish
22,0,22,32999,Amphibian
312,47,265,32999,Bird
108,8,100,32999,Mammal
66,3,63,32999,Reptile
57,14,43,32999,fw_fish
24,0,24,33005,Amphibian
332,54,278,33005,Bird
99,7,92,33005,Mammal
74,6,68,33005,Reptile
106,30,76,33005,fw_fish
24,1,23,33007,Amphibian
298,34,264,33007,Bird
114,8,106,33007,Mammal
66,3,63,33007,Reptile
57,14,43,33007,fw_fish
22,3,19,33010,Amphibian
318,32,286,33010,Bird
110,6,104,33010,Mammal
65,3,62,33010,Reptile
48,11,37,33010,fw_fish
22,2,20,33018,Amphibian
306,31,275,33018,Bird
107,6,101,33018,Mammal
60,3,57,33018,Reptile
57,14,43,33018,fw_fish
23,3,20,33019,Amphibian
316,32,284,33019,Bird
105,5,100,33019,Mammal
60,3,57,33019,Reptile
57,14,43,33019,fw_fish
26,2,24,33020,Amphibian
313,32,281,33020,Bird
109,6,103,33020,Mammal
60,3,57,33020,Reptile
57,14,43,33020,fw_fish
27,3,24,33046,Amphibian
383,52,331,33046,Bird
94,5,89,33046,Mammal
56,2,54,33046,Reptile
56,7,49,33046,fw_fish
28,3,25,33048,Amphibian
348,48,300,33048,Bird
105,6,99,33048,Mammal
57,2,55,33048,Reptile
65,6,59,33048,fw_fish
27,3,24,33049,Amphibian
347,51,296,33049,Bird
102,6,96,33049,Mammal
59,3,56,33049,Reptile
79,6,73,33049,fw_fish
30,3,27,33050,Amphibian
324,37,287,33050,Bird
112,7,105,33050,Mammal
58,3,55,33050,Reptile
94,7,87,33050,fw_fish
41,0,41,33145,Amphibian
369,92,277,33145,Bird
144,15,129,33145,Mammal
76,9,67,33145,Reptile
79,9,70,33145,fw_fish
33,2,31,33149,Amphibian
349,92,257,33149,Bird
89,8,81,33149,Mammal
65,11,54,33149,Reptile
78,25,53,33149,fw_fish
25,3,22,33510,Amphibian
277,24,253,33510,Bird
100,8,92,33510,Mammal
60,2,58,33510,Reptile
48,12,36,33510,fw_fish
26,4,22,35161,Amphibian
340,28,312,35161,Bird
101,5,96,35161,Mammal
59,2,57,35161,Reptile
42,15,27,35161,fw_fish
39,1,38,36026,Amphibian
335,86,249,36026,Bird
117,10,107,36026,Mammal
73,13,60,36026,Reptile
79,12,67,36026,fw_fish
12,1,11,36164,Amphibian
287,37,250,36164,Bird
60,7,53,36164,Mammal
45,9,36,36164,Reptile
36,10,26,36164,fw_fish
14,1,13,36165,Amphibian
302,35,267,36165,Bird
64,6,58,36165,Mammal
47,9,38,36165,Reptile
59,23,36,36165,fw_fish
10,1,9,36166,Amphibian
277,37,240,36166,Bird
54,7,47,36166,Mammal
39,9,30,36166,Reptile
36,10,26,36166,fw_fish
13,1,12,36167,Amphibian
291,37,254,36167,Bird
65,7,58,36167,Mammal
49,9,40,36167,Reptile
59,23,36,36167,fw_fish
13,1,12,36168,Amphibian
293,36,257,36168,Bird
64,5,59,36168,Mammal
46,8,38,36168,Reptile
55,22,33,36168,fw_fish
10,1,9,36169,Amphibian
273,37,236,36169,Bird
53,7,46,36169,Mammal
38,9,29,36169,Reptile
36,10,26,36169,fw_fish
10,1,9,36170,Amphibian
273,37,236,36170,Bird
54,7,47,36170,Mammal
38,9,29,36170,Reptile
37,11,26,36170,fw_fish
10,1,9,36171,Amphibian
275,37,238,36171,Bird
54,7,47,36171,Mammal
38,9,29,36171,Reptile
35,11,24,36171,fw_fish
8,0,8,36172,Amphibian
272,37,235,36172,Bird
54,7,47,36172,Mammal
37,9,28,36172,Reptile
35,11,24,36172,fw_fish
7,0,7,36173,Amphibian
269,37,232,36173,Bird
53,7,46,36173,Mammal
37,9,28,36173,Reptile
8,1,7,36173,fw_fish
7,0,7,36174,Amphibian
275,37,238,36174,Bird
54,6,48,36174,Mammal
37,9,28,36174,Reptile
22,5,17,36174,fw_fish
10,1,9,36175,Amphibian
287,38,249,36175,Bird
60,6,54,36175,Mammal
43,9,34,36175,Reptile
40,13,27,36175,fw_fish
11,1,10,36176,Amphibian
294,38,256,36176,Bird
61,5,56,36176,Mammal
45,9,36,36176,Reptile
27,9,18,36176,fw_fish
14,1,13,36177,Amphibian
309,38,271,36177,Bird
63,5,58,36177,Mammal
46,10,36,36177,Reptile
30,10,20,36177,fw_fish
10,1,9,36178,Amphibian
279,37,242,36178,Bird
61,7,54,36178,Mammal
45,9,36,36178,Reptile
35,11,24,36178,fw_fish
7,0,7,36179,Amphibian
272,37,235,36179,Bird
53,5,48,36179,Mammal
37,9,28,36179,Reptile
22,5,17,36179,fw_fish
8,0,8,36180,Amphibian
281,37,244,36180,Bird
57,5,52,36180,Mammal
40,9,31,36180,Reptile
22,5,17,36180,fw_fish
10,1,9,36181,Amphibian
286,38,248,36181,Bird
59,5,54,36181,Mammal
41,9,32,36181,Reptile
22,5,17,36181,fw_fish
10,1,9,36182,Amphibian
295,38,257,36182,Bird
57,4,53,36182,Mammal
44,9,35,36182,Reptile
22,5,17,36182,fw_fish
19,1,18,36183,Amphibian
342,39,303,36183,Bird
73,5,68,36183,Mammal
58,10,48,36183,Reptile
22,5,17,36183,fw_fish
11,1,10,36184,Amphibian
298,38,260,36184,Bird
60,4,56,36184,Mammal
43,9,34,36184,Reptile
22,5,17,36184,fw_fish
10,1,9,36185,Amphibian
297,38,259,36185,Bird
60,4,56,36185,Mammal
43,9,34,36185,Reptile
22,5,17,36185,fw_fish
10,1,9,36186,Amphibian
295,38,257,36186,Bird
59,4,55,36186,Mammal
43,9,34,36186,Reptile
22,5,17,36186,fw_fish
10,1,9,36187,Amphibian
298,38,260,36187,Bird
59,4,55,36187,Mammal
43,9,34,36187,Reptile
22,5,17,36187,fw_fish
10,1,9,36188,Amphibian
296,38,258,36188,Bird
58,4,54,36188,Mammal
43,9,34,36188,Reptile
22,5,17,36188,fw_fish
10,1,9,36189,Amphibian
295,38,257,36189,Bird
58,4,54,36189,Mammal
43,9,34,36189,Reptile
22,5,17,36189,fw_fish
10,1,9,36190,Amphibian
293,38,255,36190,Bird
58,4,54,36190,Mammal
43,9,34,36190,Reptile
22,5,17,36190,fw_fish
10,1,9,36191,Amphibian
294,38,256,36191,Bird
57,4,53,36191,Mammal
43,9,34,36191,Reptile
22,5,17,36191,fw_fish
8,0,8,36193,Amphibian
285,38,247,36193,Bird
53,4,49,36193,Mammal
44,9,35,36193,Reptile
17,4,13,36193,fw_fish
8,0,8,36194,Amphibian
285,38,247,36194,Bird
52,4,48,36194,Mammal
44,9,35,36194,Reptile
17,4,13,36194,fw_fish
8,0,8,36195,Amphibian
289,38,251,36195,Bird
52,4,48,36195,Mammal
43,9,34,36195,Reptile
17,4,13,36195,fw_fish
8,0,8,36196,Amphibian
292,38,254,36196,Bird
52,4,48,36196,Mammal
44,9,35,36196,Reptile
17,4,13,36196,fw_fish
8,0,8,36197,Amphibian
291,39,252,36197,Bird
52,4,48,36197,Mammal
43,9,34,36197,Reptile
17,4,13,36197,fw_fish
7,0,7,36198,Amphibian
287,39,248,36198,Bird
52,4,48,36198,Mammal
42,9,33,36198,Reptile
17,4,13,36198,fw_fish
7,0,7,36199,Amphibian
286,39,247,36199,Bird
52,4,48,36199,Mammal
42,9,33,36199,Reptile
17,4,13,36199,fw_fish
11,1,10,36200,Amphibian
296,38,258,36200,Bird
53,4,49,36200,Mammal
43,9,34,36200,Reptile
2,1,1,36200,fw_fish
9,1,8,36201,Amphibian
293,38,255,36201,Bird
54,4,50,36201,Mammal
44,9,35,36201,Reptile
2,1,1,36201,fw_fish
6,0,6,36202,Amphibian
295,39,256,36202,Bird
50,4,46,36202,Mammal
41,10,31,36202,Reptile
9,2,7,36202,fw_fish
7,0,7,36203,Amphibian
294,38,256,36203,Bird
50,4,46,36203,Mammal
39,9,30,36203,Reptile
9,2,7,36203,fw_fish
6,0,6,36204,Amphibian
289,38,251,36204,Bird
49,4,45,36204,Mammal
39,9,30,36204,Reptile
29,10,19,36204,fw_fish
6,0,6,36205,Amphibian
293,42,251,36205,Bird
50,5,45,36205,Mammal
37,9,28,36205,Reptile
29,10,19,36205,fw_fish
6,0,6,36206,Amphibian
314,44,270,36206,Bird
57,5,52,36206,Mammal
34,7,27,36206,Reptile
30,10,20,36206,fw_fish
5,0,5,36207,Amphibian
309,46,263,36207,Bird
52,5,47,36207,Mammal
34,9,25,36207,Reptile
63,22,41,36207,fw_fish
5,0,5,36208,Amphibian
326,47,279,36208,Bird
57,6,51,36208,Mammal
31,7,24,36208,Reptile
62,22,40,36208,fw_fish
5,0,5,36209,Amphibian
321,48,273,36209,Bird
57,6,51,36209,Mammal
29,7,22,36209,Reptile
57,20,37,36209,fw_fish
5,0,5,36210,Amphibian
304,47,257,36210,Bird
56,7,49,36210,Mammal
30,8,22,36210,Reptile
62,22,40,36210,fw_fish
5,0,5,36211,Amphibian
336,49,287,36211,Bird
60,6,54,36211,Mammal
29,7,22,36211,Reptile
39,13,26,36211,fw_fish
5,0,5,36212,Amphibian
336,49,287,36212,Bird
60,6,54,36212,Mammal
29,7,22,36212,Reptile
39,13,26,36212,fw_fish
9,1,8,36213,Amphibian
341,47,294,36213,Bird
67,7,60,36213,Mammal
26,6,20,36213,Reptile
40,14,26,36213,fw_fish
9,1,8,36214,Amphibian
344,47,297,36214,Bird
67,7,60,36214,Mammal
30,6,24,36214,Reptile
40,14,26,36214,fw_fish
9,1,8,36215,Amphibian
340,43,297,36215,Bird
66,6,60,36215,Mammal
34,6,28,36215,Reptile
40,14,26,36215,fw_fish
6,1,5,36216,Amphibian
341,49,292,36216,Bird
63,6,57,36216,Mammal
30,7,23,36216,Reptile
41,14,27,36216,fw_fish
10,1,9,36217,Amphibian
343,44,299,36217,Bird
68,7,61,36217,Mammal
32,6,26,36217,Reptile
40,14,26,36217,fw_fish
11,1,10,36218,Amphibian
342,43,299,36218,Bird
68,7,61,36218,Mammal
34,6,28,36218,Reptile
76,30,46,36218,fw_fish
9,1,8,36219,Amphibian
335,43,292,36219,Bird
64,7,57,36219,Mammal
34,7,27,36219,Reptile
57,20,37,36219,fw_fish
12,1,11,36220,Amphibian
340,42,298,36220,Bird
67,7,60,36220,Mammal
34,7,27,36220,Reptile
76,30,46,36220,fw_fish
12,1,11,36221,Amphibian
342,43,299,36221,Bird
70,7,63,36221,Mammal
36,6,30,36221,Reptile
76,30,46,36221,fw_fish
14,1,13,36222,Amphibian
339,42,297,36222,Bird
69,5,64,36222,Mammal
35,5,30,36222,Reptile
76,30,46,36222,fw_fish
15,1,14,36223,Amphibian
343,44,299,36223,Bird
69,6,63,36223,Mammal
35,6,29,36223,Reptile
39,14,25,36223,fw_fish
5,0,5,36224,Amphibian
332,49,283,36224,Bird
59,6,53,36224,Mammal
30,7,23,36224,Reptile
39,13,26,36224,fw_fish
9,1,8,36225,Amphibian
313,43,270,36225,Bird
56,5,51,36225,Mammal
34,7,27,36225,Reptile
62,22,40,36225,fw_fish
9,1,8,36226,Amphibian
325,43,282,36226,Bird
59,5,54,36226,Mammal
36,8,28,36226,Reptile
32,10,22,36226,fw_fish
13,1,12,36227,Amphibian
334,43,291,36227,Bird
60,6,54,36227,Mammal
36,8,28,36227,Reptile
30,10,20,36227,fw_fish
10,1,9,36228,Amphibian
332,45,287,36228,Bird
60,6,54,36228,Mammal
38,8,30,36228,Reptile
38,13,25,36228,fw_fish
9,1,8,36229,Amphibian
332,44,288,36229,Bird
61,6,55,36229,Mammal
34,7,27,36229,Reptile
38,13,25,36229,fw_fish
6,0,6,36230,Amphibian
325,45,280,36230,Bird
60,5,55,36230,Mammal
32,7,25,36230,Reptile
42,14,28,36230,fw_fish
9,1,8,36231,Amphibian
336,45,291,36231,Bird
65,6,59,36231,Mammal
29,6,23,36231,Reptile
54,18,36,36231,fw_fish
9,1,8,36232,Amphibian
334,44,290,36232,Bird
64,6,58,36232,Mammal
32,6,26,36232,Reptile
51,17,34,36232,fw_fish
9,1,8,36233,Amphibian
339,44,295,36233,Bird
65,6,59,36233,Mammal
34,6,28,36233,Reptile
75,29,46,36233,fw_fish
9,1,8,36234,Amphibian
336,43,293,36234,Bird
65,6,59,36234,Mammal
34,6,28,36234,Reptile
75,29,46,36234,fw_fish
9,1,8,36235,Amphibian
333,41,292,36235,Bird
64,6,58,36235,Mammal
35,6,29,36235,Reptile
51,17,34,36235,fw_fish
13,1,12,36236,Amphibian
336,41,295,36236,Bird
66,6,60,36236,Mammal
36,6,30,36236,Reptile
37,13,24,36236,fw_fish
16,1,15,36237,Amphibian
336,41,295,36237,Bird
66,5,61,36237,Mammal
36,5,31,36237,Reptile
75,29,46,36237,fw_fish
15,1,14,36238,Amphibian
341,43,298,36238,Bird
69,6,63,36238,Mammal
36,6,30,36238,Reptile
75,29,46,36238,fw_fish
16,1,15,36239,Amphibian
338,42,296,36239,Bird
69,6,63,36239,Mammal
36,5,31,36239,Reptile
75,29,46,36239,fw_fish
12,1,11,36240,Amphibian
316,40,276,36240,Bird
55,4,51,36240,Mammal
38,8,30,36240,Reptile
45,18,27,36240,fw_fish
13,1,12,36241,Amphibian
324,40,284,36241,Bird
57,4,53,36241,Mammal
40,9,31,36241,Reptile
45,18,27,36241,fw_fish
10,1,9,36242,Amphibian
309,41,268,36242,Bird
56,5,51,36242,Mammal
36,8,28,36242,Reptile
29,10,19,36242,fw_fish
11,1,10,36243,Amphibian
329,42,287,36243,Bird
59,6,53,36243,Mammal
38,9,29,36243,Reptile
31,10,21,36243,fw_fish
11,1,10,36244,Amphibian
327,42,285,36244,Bird
59,6,53,36244,Mammal
37,8,29,36244,Reptile
30,10,20,36244,fw_fish
19,1,18,36245,Amphibian
336,39,297,36245,Bird
71,5,66,36245,Mammal
39,6,33,36245,Reptile
77,31,46,36245,fw_fish
19,1,18,36246,Amphibian
330,39,291,36246,Bird
65,3,62,36246,Mammal
41,7,34,36246,Reptile
26,8,18,36246,fw_fish
20,1,19,36247,Amphibian
326,40,286,36247,Bird
63,2,61,36247,Mammal
40,7,33,36247,Reptile
25,7,18,36247,fw_fish
14,1,13,36248,Amphibian
330,42,288,36248,Bird
62,5,57,36248,Mammal
38,8,30,36248,Reptile
30,10,20,36248,fw_fish
17,1,16,36249,Amphibian
335,43,292,36249,Bird
63,5,58,36249,Mammal
42,8,34,36249,Reptile
29,9,20,36249,fw_fish
12,1,11,36250,Amphibian
299,38,261,36250,Bird
52,4,48,36250,Mammal
40,9,31,36250,Reptile
30,12,18,36250,fw_fish
11,1,10,36251,Amphibian
299,38,261,36251,Bird
52,4,48,36251,Mammal
40,9,31,36251,Reptile
30,12,18,36251,fw_fish
17,1,16,36252,Amphibian
315,39,276,36252,Bird
56,3,53,36252,Mammal
42,10,32,36252,Reptile
30,12,18,36252,fw_fish
15,1,14,36253,Amphibian
311,39,272,36253,Bird
57,4,53,36253,Mammal
42,10,32,36253,Reptile
30,12,18,36253,fw_fish
16,1,15,36254,Amphibian
312,39,273,36254,Bird
57,4,53,36254,Mammal
41,10,31,36254,Reptile
30,12,18,36254,fw_fish
14,1,13,36255,Amphibian
308,39,269,36255,Bird
55,4,51,36255,Mammal
42,10,32,36255,Reptile
30,12,18,36255,fw_fish
14,1,13,36256,Amphibian
308,39,269,36256,Bird
55,4,51,36256,Mammal
42,10,32,36256,Reptile
30,12,18,36256,fw_fish
12,1,11,36257,Amphibian
307,39,268,36257,Bird
55,4,51,36257,Mammal
42,10,32,36257,Reptile
30,12,18,36257,fw_fish
11,1,10,36258,Amphibian
300,37,263,36258,Bird
53,4,49,36258,Mammal
39,9,30,36258,Reptile
30,12,18,36258,fw_fish
13,1,12,36259,Amphibian
307,40,267,36259,Bird
55,4,51,36259,Mammal
41,9,32,36259,Reptile
30,12,18,36259,fw_fish
14,1,13,36260,Amphibian
311,39,272,36260,Bird
55,4,51,36260,Mammal
41,9,32,36260,Reptile
30,12,18,36260,fw_fish
14,1,13,36261,Amphibian
313,40,273,36261,Bird
55,4,51,36261,Mammal
42,9,33,36261,Reptile
30,12,18,36261,fw_fish
11,1,10,36262,Amphibian
306,40,266,36262,Bird
55,4,51,36262,Mammal
39,8,31,36262,Reptile
30,12,18,36262,fw_fish
10,1,9,36263,Amphibian
303,39,264,36263,Bird
54,4,50,36263,Mammal
39,8,31,36263,Reptile
32,12,20,36263,fw_fish
10,1,9,36264,Amphibian
303,39,264,36264,Bird
54,4,50,36264,Mammal
39,8,31,36264,Reptile
32,12,20,36264,fw_fish
8,0,8,36265,Amphibian
297,39,258,36265,Bird
51,4,47,36265,Mammal
39,8,31,36265,Reptile
9,2,7,36265,fw_fish
10,1,9,36266,Amphibian
300,39,261,36266,Bird
53,4,49,36266,Mammal
39,8,31,36266,Reptile
30,12,18,36266,fw_fish
10,1,9,36267,Amphibian
298,38,260,36267,Bird
52,4,48,36267,Mammal
39,8,31,36267,Reptile
32,12,20,36267,fw_fish
12,1,11,36268,Amphibian
305,38,267,36268,Bird
53,4,49,36268,Mammal
37,8,29,36268,Reptile
35,14,21,36268,fw_fish
12,1,11,36269,Amphibian
312,40,272,36269,Bird
54,4,50,36269,Mammal
39,8,31,36269,Reptile
35,14,21,36269,fw_fish
12,1,11,36270,Amphibian
315,40,275,36270,Bird
56,4,52,36270,Mammal
40,9,31,36270,Reptile
35,14,21,36270,fw_fish
12,1,11,36271,Amphibian
320,40,280,36271,Bird
57,4,53,36271,Mammal
39,9,30,36271,Reptile
40,16,24,36271,fw_fish
20,1,19,36272,Amphibian
325,40,285,36272,Bird
61,2,59,36272,Mammal
42,6,36,36272,Reptile
40,15,25,36272,fw_fish
19,1,18,36273,Amphibian
323,40,283,36273,Bird
60,2,58,36273,Mammal
42,7,35,36273,Reptile
44,17,27,36273,fw_fish
19,1,18,36274,Amphibian
321,38,283,36274,Bird
59,2,57,36274,Mammal
41,8,33,36274,Reptile
43,17,26,36274,fw_fish
16,1,15,36275,Amphibian
323,39,284,36275,Bird
58,4,54,36275,Mammal
42,9,33,36275,Reptile
40,16,24,36275,fw_fish
16,1,15,36276,Amphibian
321,39,282,36276,Bird
56,4,52,36276,Mammal
41,9,32,36276,Reptile
35,14,21,36276,fw_fish
17,1,16,36277,Amphibian
319,39,280,36277,Bird
57,4,53,36277,Mammal
41,9,32,36277,Reptile
30,12,18,36277,fw_fish
19,1,18,36278,Amphibian
321,38,283,36278,Bird
58,2,56,36278,Mammal
40,8,32,36278,Reptile
40,16,24,36278,fw_fish
18,1,17,36279,Amphibian
318,38,280,36279,Bird
57,2,55,36279,Mammal
42,9,33,36279,Reptile
30,12,18,36279,fw_fish
17,1,16,36280,Amphibian
318,39,279,36280,Bird
58,3,55,36280,Mammal
42,9,33,36280,Reptile
30,12,18,36280,fw_fish
18,1,17,36281,Amphibian
320,38,282,36281,Bird
57,2,55,36281,Mammal
42,9,33,36281,Reptile
30,12,18,36281,fw_fish
18,1,17,36282,Amphibian
319,38,281,36282,Bird
55,1,54,36282,Mammal
41,9,32,36282,Reptile
30,12,18,36282,fw_fish
18,1,17,36283,Amphibian
319,38,281,36283,Bird
56,1,55,36283,Mammal
41,9,32,36283,Reptile
30,12,18,36283,fw_fish
18,1,17,36284,Amphibian
323,38,285,36284,Bird
55,1,54,36284,Mammal
41,9,32,36284,Reptile
30,12,18,36284,fw_fish
17,1,16,36285,Amphibian
320,39,281,36285,Bird
56,3,53,36285,Mammal
43,10,33,36285,Reptile
30,12,18,36285,fw_fish
15,1,14,36286,Amphibian
312,39,273,36286,Bird
56,4,52,36286,Mammal
42,10,32,36286,Reptile
30,12,18,36286,fw_fish
19,1,18,36287,Amphibian
323,39,284,36287,Bird
61,2,59,36287,Mammal
43,7,36,36287,Reptile
40,15,25,36287,fw_fish
12,1,11,36288,Amphibian
300,38,262,36288,Bird
59,4,55,36288,Mammal
43,9,34,36288,Reptile
22,5,17,36288,fw_fish
10,1,9,36289,Amphibian
300,38,262,36289,Bird
58,4,54,36289,Mammal
43,9,34,36289,Reptile
17,4,13,36289,fw_fish
13,1,12,36290,Amphibian
307,38,269,36290,Bird
60,4,56,36290,Mammal
43,9,34,36290,Reptile
22,5,17,36290,fw_fish
10,1,9,36291,Amphibian
300,38,262,36291,Bird
57,4,53,36291,Mammal
44,9,35,36291,Reptile
17,4,13,36291,fw_fish
17,1,16,36292,Amphibian
314,37,277,36292,Bird
59,3,56,36292,Mammal
42,9,33,36292,Reptile
17,4,13,36292,fw_fish
17,1,16,36293,Amphibian
321,37,284,36293,Bird
57,0,57,36293,Mammal
42,9,33,36293,Reptile
22,5,17,36293,fw_fish
18,1,17,36294,Amphibian
323,38,285,36294,Bird
57,0,57,36294,Mammal
42,9,33,36294,Reptile
22,5,17,36294,fw_fish
18,1,17,36295,Amphibian
323,38,285,36295,Bird
58,0,58,36295,Mammal
43,9,34,36295,Reptile
22,5,17,36295,fw_fish
19,1,18,36296,Amphibian
325,39,286,36296,Bird
63,1,62,36296,Mammal
49,8,41,36296,Reptile
22,5,17,36296,fw_fish
18,1,17,36297,Amphibian
329,38,291,36297,Bird
58,0,58,36297,Mammal
43,9,34,36297,Reptile
38,13,25,36297,fw_fish
17,1,16,36298,Amphibian
316,38,278,36298,Bird
59,2,57,36298,Mammal
43,9,34,36298,Reptile
33,12,21,36298,fw_fish
17,1,16,36299,Amphibian
318,38,280,36299,Bird
59,2,57,36299,Mammal
44,9,35,36299,Reptile
30,12,18,36299,fw_fish
17,1,16,36300,Amphibian
318,38,280,36300,Bird
59,2,57,36300,Mammal
44,9,35,36300,Reptile
30,12,18,36300,fw_fish
17,1,16,36301,Amphibian
314,38,276,36301,Bird
58,3,55,36301,Mammal
44,9,35,36301,Reptile
30,12,18,36301,fw_fish
17,1,16,36302,Amphibian
314,38,276,36302,Bird
58,3,55,36302,Mammal
44,9,35,36302,Reptile
30,12,18,36302,fw_fish
17,1,16,36303,Amphibian
313,38,275,36303,Bird
57,3,54,36303,Mammal
44,9,35,36303,Reptile
30,12,18,36303,fw_fish
17,1,16,36304,Amphibian
315,39,276,36304,Bird
58,4,54,36304,Mammal
44,10,34,36304,Reptile
30,12,18,36304,fw_fish
15,1,14,36305,Amphibian
309,38,271,36305,Bird
58,4,54,36305,Mammal
43,9,34,36305,Reptile
30,12,18,36305,fw_fish
17,1,16,36306,Amphibian
310,37,273,36306,Bird
59,4,55,36306,Mammal
42,9,33,36306,Reptile
30,12,18,36306,fw_fish
15,1,14,36307,Amphibian
310,38,272,36307,Bird
58,4,54,36307,Mammal
43,9,34,36307,Reptile
30,12,18,36307,fw_fish
15,1,14,36308,Amphibian
310,38,272,36308,Bird
57,4,53,36308,Mammal
43,9,34,36308,Reptile
30,12,18,36308,fw_fish
14,1,13,36309,Amphibian
305,38,267,36309,Bird
55,4,51,36309,Mammal
43,9,34,36309,Reptile
28,12,16,36309,fw_fish
11,1,10,36310,Amphibian
299,38,261,36310,Bird
54,4,50,36310,Mammal
44,9,35,36310,Reptile
2,1,1,36310,fw_fish
11,1,10,36311,Amphibian
299,38,261,36311,Bird
54,4,50,36311,Mammal
43,9,34,36311,Reptile
2,1,1,36311,fw_fish
11,1,10,36312,Amphibian
295,38,257,36312,Bird
53,4,49,36312,Mammal
42,9,33,36312,Reptile
2,1,1,36312,fw_fish
11,1,10,36313,Amphibian
300,38,262,36313,Bird
54,4,50,36313,Mammal
43,9,34,36313,Reptile
28,12,16,36313,fw_fish
11,1,10,36314,Amphibian
302,38,264,36314,Bird
55,4,51,36314,Mammal
43,9,34,36314,Reptile
28,12,16,36314,fw_fish
11,1,10,36315,Amphibian
301,38,263,36315,Bird
54,4,50,36315,Mammal
43,9,34,36315,Reptile
4,1,3,36315,fw_fish
12,1,11,36316,Amphibian
302,38,264,36316,Bird
55,4,51,36316,Mammal
43,9,34,36316,Reptile
28,12,16,36316,fw_fish
11,1,10,36317,Amphibian
300,38,262,36317,Bird
54,4,50,36317,Mammal
43,9,34,36317,Reptile
4,1,3,36317,fw_fish
12,1,11,36318,Amphibian
302,38,264,36318,Bird
54,4,50,36318,Mammal
43,9,34,36318,Reptile
28,12,16,36318,fw_fish
13,1,12,36319,Amphibian
302,38,264,36319,Bird
53,4,49,36319,Mammal
41,9,32,36319,Reptile
4,1,3,36319,fw_fish
16,1,15,36320,Amphibian
312,39,273,36320,Bird
57,4,53,36320,Mammal
43,10,33,36320,Reptile
30,12,18,36320,fw_fish
17,1,16,36321,Amphibian
317,38,279,36321,Bird
56,3,53,36321,Mammal
43,10,33,36321,Reptile
30,12,18,36321,fw_fish
15,1,14,36322,Amphibian
316,37,279,36322,Bird
61,2,59,36322,Mammal
47,9,38,36322,Reptile
27,9,18,36322,fw_fish
14,1,13,36323,Amphibian
314,37,277,36323,Bird
63,4,59,36323,Mammal
45,9,36,36323,Reptile
30,10,20,36323,fw_fish
16,1,15,36324,Amphibian
326,37,289,36324,Bird
63,1,62,36324,Mammal
49,9,40,36324,Reptile
30,10,20,36324,fw_fish
19,2,17,36325,Amphibian
320,34,286,36325,Bird
67,0,67,36325,Mammal
49,7,42,36325,Reptile
43,15,28,36325,fw_fish
21,2,19,36326,Amphibian
332,34,298,36326,Bird
73,2,71,36326,Mammal
55,6,49,36326,Reptile
53,18,35,36326,fw_fish
12,1,11,36327,Amphibian
304,38,266,36327,Bird
59,4,55,36327,Mammal
43,9,34,36327,Reptile
22,5,17,36327,fw_fish
19,1,18,36328,Amphibian
333,39,294,36328,Bird
66,1,65,36328,Mammal
50,8,42,36328,Reptile
22,5,17,36328,fw_fish
19,1,18,36329,Amphibian
330,37,293,36329,Bird
70,2,68,36329,Mammal
49,6,43,36329,Reptile
22,5,17,36329,fw_fish
19,1,18,36330,Amphibian
345,39,306,36330,Bird
74,5,69,36330,Mammal
58,9,49,36330,Reptile
22,5,17,36330,fw_fish
17,1,16,36331,Amphibian
325,37,288,36331,Bird
61,0,61,36331,Mammal
48,9,39,36331,Reptile
22,5,17,36331,fw_fish
13,1,12,36332,Amphibian
306,37,269,36332,Bird
61,4,57,36332,Mammal
44,9,35,36332,Reptile
22,5,17,36332,fw_fish
16,1,15,36333,Amphibian
323,37,286,36333,Bird
62,0,62,36333,Mammal
50,9,41,36333,Reptile
57,23,34,36333,fw_fish
17,2,15,36334,Amphibian
309,33,276,36334,Bird
69,2,67,36334,Mammal
45,7,38,36334,Reptile
56,22,34,36334,fw_fish
16,2,14,36335,Amphibian
308,35,273,36335,Bird
66,2,64,36335,Mammal
47,9,38,36335,Reptile
55,22,33,36335,fw_fish
17,2,15,36336,Amphibian
313,34,279,36336,Bird
66,2,64,36336,Mammal
47,9,38,36336,Reptile
56,22,34,36336,fw_fish
17,2,15,36337,Amphibian
313,34,279,36337,Bird
65,2,63,36337,Mammal
47,9,38,36337,Reptile
56,22,34,36337,fw_fish
18,2,16,36338,Amphibian
319,34,285,36338,Bird
69,0,69,36338,Mammal
49,7,42,36338,Reptile
56,22,34,36338,fw_fish
17,2,15,36339,Amphibian
321,34,287,36339,Bird
67,0,67,36339,Mammal
51,9,42,36339,Reptile
56,22,34,36339,fw_fish
14,1,13,36340,Amphibian
316,36,280,36340,Bird
64,2,62,36340,Mammal
47,9,38,36340,Reptile
57,23,34,36340,fw_fish
15,1,14,36341,Amphibian
318,37,281,36341,Bird
64,2,62,36341,Mammal
48,9,39,36341,Reptile
57,23,34,36341,fw_fish
16,1,15,36342,Amphibian
325,38,287,36342,Bird
63,0,63,36342,Mammal
50,9,41,36342,Reptile
57,23,34,36342,fw_fish
17,2,15,36343,Amphibian
321,34,287,36343,Bird
68,0,68,36343,Mammal
49,9,40,36343,Reptile
56,22,34,36343,fw_fish
17,2,15,36344,Amphibian
319,34,285,36344,Bird
65,0,65,36344,Mammal
48,8,40,36344,Reptile
56,22,34,36344,fw_fish
17,2,15,36345,Amphibian
331,33,298,36345,Bird
80,3,77,36345,Mammal
50,5,45,36345,Reptile
54,18,36,36345,fw_fish
16,2,14,36346,Amphibian
306,35,271,36346,Bird
65,3,62,36346,Mammal
48,9,39,36346,Reptile
55,22,33,36346,fw_fish
17,2,15,36347,Amphibian
307,35,272,36347,Bird
69,3,66,36347,Mammal
48,7,41,36347,Reptile
55,22,33,36347,fw_fish
16,2,14,36348,Amphibian
312,35,277,36348,Bird
71,2,69,36348,Mammal
49,7,42,36348,Reptile
63,23,40,36348,fw_fish
17,3,14,36349,Amphibian
328,36,292,36349,Bird
80,4,76,36349,Mammal
49,6,43,36349,Reptile
65,24,41,36349,fw_fish
16,2,14,36350,Amphibian
320,33,287,36350,Bird
80,3,77,36350,Mammal
48,5,43,36350,Reptile
54,18,36,36350,fw_fish
17,3,14,36351,Amphibian
320,32,288,36351,Bird
81,3,78,36351,Mammal
47,5,42,36351,Reptile
53,18,35,36351,fw_fish
23,4,19,36352,Amphibian
351,36,315,36352,Bird
91,3,88,36352,Mammal
55,4,51,36352,Reptile
43,16,27,36352,fw_fish
17,2,15,36353,Amphibian
321,32,289,36353,Bird
82,3,79,36353,Mammal
49,5,44,36353,Reptile
51,19,32,36353,fw_fish
23,3,20,36354,Amphibian
337,34,303,36354,Bird
90,3,87,36354,Mammal
52,3,49,36354,Reptile
43,16,27,36354,fw_fish
24,3,21,36356,Amphibian
339,35,304,36356,Bird
88,3,85,36356,Mammal
53,4,49,36356,Reptile
59,20,39,36356,fw_fish
18,2,16,36357,Amphibian
328,33,295,36357,Bird
78,2,76,36357,Mammal
51,5,46,36357,Reptile
54,18,36,36357,fw_fish
19,1,18,36358,Amphibian
328,36,292,36358,Bird
71,2,69,36358,Mammal
50,6,44,36358,Reptile
22,5,17,36358,fw_fish
29,2,27,36359,Amphibian
366,97,269,36359,Bird
99,12,87,36359,Mammal
72,16,56,36359,Reptile
55,18,37,36359,fw_fish
20,2,18,36360,Amphibian
334,35,299,36360,Bird
71,2,69,36360,Mammal
51,5,46,36360,Reptile
22,5,17,36360,fw_fish
21,2,19,36361,Amphibian
337,36,301,36361,Bird
73,2,71,36361,Mammal
52,5,47,36361,Reptile
30,9,21,36361,fw_fish
21,2,19,36364,Amphibian
330,34,296,36364,Bird
71,2,69,36364,Mammal
52,5,47,36364,Reptile
27,9,18,36364,fw_fish
20,2,18,36365,Amphibian
330,33,297,36365,Bird
72,2,70,36365,Mammal
55,6,49,36365,Reptile
49,19,30,36365,fw_fish
22,2,20,36366,Amphibian
345,36,309,36366,Bird
76,2,74,36366,Mammal
53,5,48,36366,Reptile
24,9,15,36366,fw_fish
23,2,21,36367,Amphibian
364,37,327,36367,Bird
78,2,76,36367,Mammal
57,5,52,36367,Reptile
24,9,15,36367,fw_fish
25,2,23,36368,Amphibian
367,36,331,36368,Bird
80,3,77,36368,Mammal
57,5,52,36368,Reptile
24,9,15,36368,fw_fish
24,2,22,36369,Amphibian
367,35,332,36369,Bird
80,3,77,36369,Mammal
56,5,51,36369,Reptile
24,9,15,36369,fw_fish
23,2,21,36370,Amphibian
357,35,322,36370,Bird
79,2,77,36370,Mammal
55,5,50,36370,Reptile
24,9,15,36370,fw_fish
24,2,22,36371,Amphibian
357,35,322,36371,Bird
80,3,77,36371,Mammal
55,5,50,36371,Reptile
24,9,15,36371,fw_fish
22,2,20,36372,Amphibian
343,35,308,36372,Bird
79,2,77,36372,Mammal
54,5,49,36372,Reptile
25,9,16,36372,fw_fish
22,2,20,36373,Amphibian
341,35,306,36373,Bird
77,2,75,36373,Mammal
54,5,49,36373,Reptile
25,9,16,36373,fw_fish
25,3,22,36374,Amphibian
370,37,333,36374,Bird
84,3,81,36374,Mammal
56,5,51,36374,Reptile
32,12,20,36374,fw_fish
24,2,22,36375,Amphibian
353,37,316,36375,Bird
85,3,82,36375,Mammal
54,5,49,36375,Reptile
26,9,17,36375,fw_fish
21,2,19,36376,Amphibian
331,34,297,36376,Bird
72,2,70,36376,Mammal
54,5,49,36376,Reptile
53,18,35,36376,fw_fish
23,2,21,36378,Amphibian
351,35,316,36378,Bird
81,2,79,36378,Mammal
55,5,50,36378,Reptile
36,14,22,36378,fw_fish
19,1,18,36380,Amphibian
330,37,293,36380,Bird
68,2,66,36380,Mammal
49,7,42,36380,Reptile
22,5,17,36380,fw_fish
19,1,18,36381,Amphibian
332,37,295,36381,Bird
68,2,66,36381,Mammal
50,7,43,36381,Reptile
22,5,17,36381,fw_fish
19,1,18,36382,Amphibian
334,37,297,36382,Bird
68,2,66,36382,Mammal
50,7,43,36382,Reptile
21,8,13,36382,fw_fish
19,1,18,36383,Amphibian
334,36,298,36383,Bird
71,2,69,36383,Mammal
48,5,43,36383,Reptile
30,9,21,36383,fw_fish
20,2,18,36384,Amphibian
338,35,303,36384,Bird
71,2,69,36384,Mammal
49,5,44,36384,Reptile
30,9,21,36384,fw_fish
19,1,18,36385,Amphibian
339,35,304,36385,Bird
71,2,69,36385,Mammal
48,5,43,36385,Reptile
21,8,13,36385,fw_fish
23,2,21,36386,Amphibian
346,36,310,36386,Bird
75,2,73,36386,Mammal
50,5,45,36386,Reptile
21,8,13,36386,fw_fish
23,1,22,36387,Amphibian
350,38,312,36387,Bird
73,2,71,36387,Mammal
49,5,44,36387,Reptile
21,8,13,36387,fw_fish
22,2,20,36388,Amphibian
347,37,310,36388,Bird
76,2,74,36388,Mammal
53,5,48,36388,Reptile
21,8,13,36388,fw_fish
27,2,25,36389,Amphibian
388,37,351,36389,Bird
86,2,84,36389,Mammal
61,5,56,36389,Reptile
27,9,18,36389,fw_fish
22,2,20,36390,Amphibian
358,36,322,36390,Bird
78,2,76,36390,Mammal
56,5,51,36390,Reptile
25,10,15,36390,fw_fish
24,2,22,36391,Amphibian
370,37,333,36391,Bird
78,2,76,36391,Mammal
57,5,52,36391,Reptile
24,9,15,36391,fw_fish
24,2,22,36392,Amphibian
370,36,334,36392,Bird
78,2,76,36392,Mammal
57,5,52,36392,Reptile
24,9,15,36392,fw_fish
10,1,9,36393,Amphibian
296,38,258,36393,Bird
58,4,54,36393,Mammal
43,9,34,36393,Reptile
22,5,17,36393,fw_fish
25,2,23,36394,Amphibian
368,37,331,36394,Bird
77,2,75,36394,Mammal
57,5,52,36394,Reptile
35,12,23,36394,fw_fish
25,2,23,36395,Amphibian
373,36,337,36395,Bird
78,2,76,36395,Mammal
57,5,52,36395,Reptile
24,9,15,36395,fw_fish
25,2,23,36396,Amphibian
362,37,325,36396,Bird
77,2,75,36396,Mammal
57,5,52,36396,Reptile
27,9,18,36396,fw_fish
25,2,23,36397,Amphibian
371,36,335,36397,Bird
79,2,77,36397,Mammal
56,5,51,36397,Reptile
27,9,18,36397,fw_fish
23,1,22,36398,Amphibian
348,38,310,36398,Bird
71,2,69,36398,Mammal
48,5,43,36398,Reptile
27,9,18,36398,fw_fish
23,1,22,36399,Amphibian
356,38,318,36399,Bird
74,2,72,36399,Mammal
53,5,48,36399,Reptile
27,9,18,36399,fw_fish
26,4,22,36400,Amphibian
369,37,332,36400,Bird
99,5,94,36400,Mammal
61,4,57,36400,Reptile
61,19,42,36400,fw_fish
27,2,25,36401,Amphibian
381,36,345,36401,Bird
82,2,80,36401,Mammal
59,5,54,36401,Reptile
24,9,15,36401,fw_fish
20,1,19,36402,Amphibian
343,38,305,36402,Bird
71,2,69,36402,Mammal
48,5,43,36402,Reptile
21,8,13,36402,fw_fish
29,4,25,36403,Amphibian
360,35,325,36403,Bird
95,3,92,36403,Mammal
61,3,58,36403,Reptile
31,12,19,36403,fw_fish
29,4,25,36405,Amphibian
356,34,322,36405,Bird
100,5,95,36405,Mammal
61,3,58,36405,Reptile
47,16,31,36405,fw_fish
21,1,20,36406,Amphibian
338,40,298,36406,Bird
66,2,64,36406,Mammal
45,6,39,36406,Reptile
43,17,26,36406,fw_fish
21,1,20,36407,Amphibian
333,39,294,36407,Bird
65,2,63,36407,Mammal
43,6,37,36407,Reptile
39,15,24,36407,fw_fish
21,1,20,36408,Amphibian
335,39,296,36408,Bird
66,2,64,36408,Mammal
43,6,37,36408,Reptile
39,15,24,36408,fw_fish
28,4,24,36410,Amphibian
358,34,324,36410,Bird
98,5,93,36410,Mammal
61,3,58,36410,Reptile
47,16,31,36410,fw_fish
23,1,22,36411,Amphibian
337,39,298,36411,Bird
70,2,68,36411,Mammal
44,6,38,36411,Reptile
40,16,24,36411,fw_fish
23,1,22,36412,Amphibian
339,39,300,36412,Bird
70,2,68,36412,Mammal
46,6,40,36412,Reptile
25,7,18,36412,fw_fish
23,1,22,36413,Amphibian
339,39,300,36413,Bird
70,2,68,36413,Mammal
46,6,40,36413,Reptile
39,15,24,36413,fw_fish
27,3,24,36415,Amphibian
351,31,320,36415,Bird
99,5,94,36415,Mammal
64,5,59,36415,Reptile
48,17,31,36415,fw_fish
23,1,22,36416,Amphibian
341,38,303,36416,Bird
73,2,71,36416,Mammal
47,6,41,36416,Reptile
40,15,25,36416,fw_fish
26,4,22,36418,Amphibian
364,37,327,36418,Bird
98,5,93,36418,Mammal
60,3,57,36418,Reptile
61,19,42,36418,fw_fish
24,1,23,36419,Amphibian
343,36,307,36419,Bird
75,2,73,36419,Mammal
45,6,39,36419,Reptile
25,7,18,36419,fw_fish
25,1,24,36420,Amphibian
356,34,322,36420,Bird
79,2,77,36420,Mammal
49,5,44,36420,Reptile
27,9,18,36420,fw_fish
24,1,23,36421,Amphibian
349,34,315,36421,Bird
77,2,75,36421,Mammal
46,5,41,36421,Reptile
27,9,18,36421,fw_fish
23,1,22,36423,Amphibian
348,35,313,36423,Bird
76,2,74,36423,Mammal
50,6,44,36423,Reptile
44,17,27,36423,fw_fish
23,1,22,36424,Amphibian
354,35,319,36424,Bird
76,2,74,36424,Mammal
50,5,45,36424,Reptile
44,17,27,36424,fw_fish
23,1,22,36425,Amphibian
352,37,315,36425,Bird
76,2,74,36425,Mammal
52,6,46,36425,Reptile
28,10,18,36425,fw_fish
21,1,20,36426,Amphibian
324,40,284,36426,Bird
62,2,60,36426,Mammal
42,6,36,36426,Reptile
40,15,25,36426,fw_fish
22,1,21,36427,Amphibian
327,38,289,36427,Bird
71,4,67,36427,Mammal
41,6,35,36427,Reptile
43,14,29,36427,fw_fish
18,1,17,36428,Amphibian
324,38,286,36428,Bird
65,4,61,36428,Mammal
39,6,33,36428,Reptile
29,9,20,36428,fw_fish
21,1,20,36429,Amphibian
327,38,289,36429,Bird
71,4,67,36429,Mammal
40,6,34,36429,Reptile
78,31,47,36429,fw_fish
22,1,21,36430,Amphibian
337,39,298,36430,Bird
74,3,71,36430,Mammal
41,6,35,36430,Reptile
38,12,26,36430,fw_fish
25,1,24,36431,Amphibian
341,39,302,36431,Bird
77,3,74,36431,Mammal
43,6,37,36431,Reptile
38,12,26,36431,fw_fish
22,1,21,36432,Amphibian
332,38,294,36432,Bird
71,3,68,36432,Mammal
44,6,38,36432,Reptile
24,8,16,36432,fw_fish
23,1,22,36433,Amphibian
337,38,299,36433,Bird
70,2,68,36433,Mammal
44,6,38,36433,Reptile
31,9,22,36433,fw_fish
23,1,22,36434,Amphibian
337,38,299,36434,Bird
72,2,70,36434,Mammal
45,6,39,36434,Reptile
24,8,16,36434,fw_fish
25,1,24,36435,Amphibian
353,38,315,36435,Bird
77,2,75,36435,Mammal
47,6,41,36435,Reptile
32,10,22,36435,fw_fish
23,1,22,36436,Amphibian
339,37,302,36436,Bird
72,2,70,36436,Mammal
47,6,41,36436,Reptile
25,7,18,36436,fw_fish
24,1,23,36437,Amphibian
343,36,307,36437,Bird
76,3,73,36437,Mammal
43,5,38,36437,Reptile
24,8,16,36437,fw_fish
21,1,20,36438,Amphibian
330,38,292,36438,Bird
72,3,69,36438,Mammal
40,6,34,36438,Reptile
76,30,46,36438,fw_fish
24,1,23,36439,Amphibian
328,37,291,36439,Bird
75,3,72,36439,Mammal
40,5,35,36439,Reptile
78,31,47,36439,fw_fish
19,1,18,36440,Amphibian
335,40,295,36440,Bird
68,5,63,36440,Mammal
39,6,33,36440,Reptile
76,30,46,36440,fw_fish
22,1,21,36441,Amphibian
341,39,302,36441,Bird
75,5,70,36441,Mammal
40,5,35,36441,Reptile
76,30,46,36441,fw_fish
17,1,16,36442,Amphibian
336,40,296,36442,Bird
67,6,61,36442,Mammal
37,6,31,36442,Reptile
76,30,46,36442,fw_fish
17,1,16,36443,Amphibian
335,40,295,36443,Bird
68,6,62,36443,Mammal
37,6,31,36443,Reptile
76,30,46,36443,fw_fish
17,1,16,36444,Amphibian
338,41,297,36444,Bird
69,6,63,36444,Mammal
38,6,32,36444,Reptile
76,30,46,36444,fw_fish
21,1,20,36445,Amphibian
341,41,300,36445,Bird
74,6,68,36445,Mammal
40,6,34,36445,Reptile
76,30,46,36445,fw_fish
16,1,15,36446,Amphibian
335,41,294,36446,Bird
67,6,61,36446,Mammal
36,5,31,36446,Reptile
75,29,46,36446,fw_fish
16,1,15,36447,Amphibian
340,43,297,36447,Bird
70,6,64,36447,Mammal
36,5,31,36447,Reptile
76,30,46,36447,fw_fish
16,1,15,36448,Amphibian
343,43,300,36448,Bird
73,6,67,36448,Mammal
37,5,32,36448,Reptile
76,30,46,36448,fw_fish
18,1,17,36449,Amphibian
339,41,298,36449,Bird
69,6,63,36449,Mammal
37,5,32,36449,Reptile
76,30,46,36449,fw_fish
19,1,18,36450,Amphibian
342,42,300,36450,Bird
75,6,69,36450,Mammal
36,5,31,36450,Reptile
76,30,46,36450,fw_fish
18,1,17,36451,Amphibian
338,42,296,36451,Bird
75,6,69,36451,Mammal
37,5,32,36451,Reptile
76,30,46,36451,fw_fish
22,1,21,36452,Amphibian
342,42,300,36452,Bird
76,6,70,36452,Mammal
38,5,33,36452,Reptile
76,30,46,36452,fw_fish
22,1,21,36453,Amphibian
335,39,296,36453,Bird
76,5,71,36453,Mammal
40,5,35,36453,Reptile
76,30,46,36453,fw_fish
23,1,22,36454,Amphibian
332,39,293,36454,Bird
79,5,74,36454,Mammal
40,5,35,36454,Reptile
78,31,47,36454,fw_fish
22,1,21,36455,Amphibian
334,42,292,36455,Bird
75,5,70,36455,Mammal
44,5,39,36455,Reptile
76,30,46,36455,fw_fish
25,1,24,36456,Amphibian
327,37,290,36456,Bird
80,3,77,36456,Mammal
44,5,39,36456,Reptile
78,31,47,36456,fw_fish
15,1,14,36457,Amphibian
339,42,297,36457,Bird
69,6,63,36457,Mammal
36,5,31,36457,Reptile
76,30,46,36457,fw_fish
17,1,16,36458,Amphibian
336,42,294,36458,Bird
74,6,68,36458,Mammal
37,5,32,36458,Reptile
76,30,46,36458,fw_fish
18,2,16,36459,Amphibian
332,41,291,36459,Bird
76,7,69,36459,Mammal
41,5,36,36459,Reptile
76,30,46,36459,fw_fish
15,1,14,36460,Amphibian
342,42,300,36460,Bird
73,6,67,36460,Mammal
38,5,33,36460,Reptile
83,31,52,36460,fw_fish
25,1,24,36461,Amphibian
326,34,292,36461,Bird
77,3,74,36461,Mammal
46,5,41,36461,Reptile
29,8,21,36461,fw_fish
26,1,25,36462,Amphibian
328,34,294,36462,Bird
79,4,75,36462,Mammal
44,4,40,36462,Reptile
29,8,21,36462,fw_fish
28,3,25,36463,Amphibian
326,33,293,36463,Bird
84,4,80,36463,Mammal
45,4,41,36463,Reptile
29,8,21,36463,fw_fish
27,2,25,36464,Amphibian
324,33,291,36464,Bird
82,4,78,36464,Mammal
44,4,40,36464,Reptile
29,8,21,36464,fw_fish
27,2,25,36465,Amphibian
325,33,292,36465,Bird
85,4,81,36465,Mammal
45,4,41,36465,Reptile
29,8,21,36465,fw_fish
27,2,25,36466,Amphibian
325,32,293,36466,Bird
81,4,77,36466,Mammal
44,4,40,36466,Reptile
29,8,21,36466,fw_fish
27,2,25,36467,Amphibian
327,32,295,36467,Bird
82,4,78,36467,Mammal
46,5,41,36467,Reptile
29,8,21,36467,fw_fish
27,2,25,36468,Amphibian
328,34,294,36468,Bird
79,3,76,36468,Mammal
47,5,42,36468,Reptile
29,8,21,36468,fw_fish
27,2,25,36469,Amphibian
322,33,289,36469,Bird
82,4,78,36469,Mammal
44,4,40,36469,Reptile
29,8,21,36469,fw_fish
27,2,25,36470,Amphibian
321,33,288,36470,Bird
82,4,78,36470,Mammal
44,4,40,36470,Reptile
29,8,21,36470,fw_fish
27,2,25,36471,Amphibian
323,34,289,36471,Bird
81,3,78,36471,Mammal
47,4,43,36471,Reptile
29,8,21,36471,fw_fish
25,1,24,36472,Amphibian
354,35,319,36472,Bird
79,2,77,36472,Mammal
50,5,45,36472,Reptile
28,9,19,36472,fw_fish
25,1,24,36473,Amphibian
346,35,311,36473,Bird
79,2,77,36473,Mammal
50,5,45,36473,Reptile
24,8,16,36473,fw_fish
27,2,25,36474,Amphibian
359,32,327,36474,Bird
85,3,82,36474,Mammal
51,4,47,36474,Reptile
31,9,22,36474,fw_fish
25,2,23,36475,Amphibian
348,32,316,36475,Bird
84,3,81,36475,Mammal
49,4,45,36475,Reptile
30,8,22,36475,fw_fish
27,2,25,36476,Amphibian
343,32,311,36476,Bird
86,3,83,36476,Mammal
48,4,44,36476,Reptile
31,8,23,36476,fw_fish
27,2,25,36477,Amphibian
339,32,307,36477,Bird
84,3,81,36477,Mammal
47,4,43,36477,Reptile
26,7,19,36477,fw_fish
27,2,25,36478,Amphibian
341,32,309,36478,Bird
84,3,81,36478,Mammal
47,4,43,36478,Reptile
31,8,23,36478,fw_fish
27,2,25,36479,Amphibian
344,32,312,36479,Bird
85,4,81,36479,Mammal
49,4,45,36479,Reptile
30,8,22,36479,fw_fish
27,2,25,36480,Amphibian
339,30,309,36480,Bird
86,4,82,36480,Mammal
48,4,44,36480,Reptile
33,9,24,36480,fw_fish
27,2,25,36481,Amphibian
336,28,308,36481,Bird
89,4,85,36481,Mammal
48,4,44,36481,Reptile
30,8,22,36481,fw_fish
27,2,25,36482,Amphibian
337,29,308,36482,Bird
88,4,84,36482,Mammal
48,4,44,36482,Reptile
30,8,22,36482,fw_fish
27,2,25,36483,Amphibian
338,29,309,36483,Bird
83,3,80,36483,Mammal
48,4,44,36483,Reptile
26,7,19,36483,fw_fish
27,2,25,36484,Amphibian
340,30,310,36484,Bird
84,3,81,36484,Mammal
48,4,44,36484,Reptile
31,8,23,36484,fw_fish
27,2,25,36485,Amphibian
338,30,308,36485,Bird
83,3,80,36485,Mammal
47,4,43,36485,Reptile
26,7,19,36485,fw_fish
27,2,25,36486,Amphibian
337,31,306,36486,Bird
83,3,80,36486,Mammal
47,4,43,36486,Reptile
26,7,19,36486,fw_fish
26,2,24,36487,Amphibian
337,31,306,36487,Bird
83,3,80,36487,Mammal
47,4,43,36487,Reptile
26,7,19,36487,fw_fish
26,2,24,36488,Amphibian
338,32,306,36488,Bird
83,3,80,36488,Mammal
47,4,43,36488,Reptile
26,7,19,36488,fw_fish
26,2,24,36489,Amphibian
336,33,303,36489,Bird
85,3,82,36489,Mammal
48,4,44,36489,Reptile
26,7,19,36489,fw_fish
26,2,24,36490,Amphibian
338,33,305,36490,Bird
85,3,82,36490,Mammal
48,4,44,36490,Reptile
26,7,19,36490,fw_fish
27,2,25,36491,Amphibian
338,33,305,36491,Bird
85,3,82,36491,Mammal
48,4,44,36491,Reptile
26,7,19,36491,fw_fish
27,2,25,36492,Amphibian
338,33,305,36492,Bird
85,3,82,36492,Mammal
48,4,44,36492,Reptile
26,7,19,36492,fw_fish
27,2,25,36493,Amphibian
337,33,304,36493,Bird
84,3,81,36493,Mammal
48,4,44,36493,Reptile
26,7,19,36493,fw_fish
25,1,24,36494,Amphibian
347,35,312,36494,Bird
83,3,80,36494,Mammal
48,4,44,36494,Reptile
26,7,19,36494,fw_fish
24,1,23,36495,Amphibian
335,33,302,36495,Bird
80,3,77,36495,Mammal
46,4,42,36495,Reptile
26,7,19,36495,fw_fish
24,1,23,36496,Amphibian
338,34,304,36496,Bird
81,3,78,36496,Mammal
46,4,42,36496,Reptile
26,7,19,36496,fw_fish
24,1,23,36497,Amphibian
337,34,303,36497,Bird
77,3,74,36497,Mammal
45,4,41,36497,Reptile
26,7,19,36497,fw_fish
24,1,23,36498,Amphibian
336,34,302,36498,Bird
77,3,74,36498,Mammal
43,5,38,36498,Reptile
26,7,19,36498,fw_fish
25,1,24,36499,Amphibian
332,35,297,36499,Bird
77,3,74,36499,Mammal
42,5,37,36499,Reptile
26,7,19,36499,fw_fish
25,1,24,36500,Amphibian
330,34,296,36500,Bird
78,4,74,36500,Mammal
44,4,40,36500,Reptile
26,7,19,36500,fw_fish
26,1,25,36501,Amphibian
329,33,296,36501,Bird
82,4,78,36501,Mammal
44,4,40,36501,Reptile
28,8,20,36501,fw_fish
26,1,25,36502,Amphibian
326,33,293,36502,Bird
83,4,79,36502,Mammal
44,4,40,36502,Reptile
28,8,20,36502,fw_fish
27,2,25,36503,Amphibian
331,33,298,36503,Bird
84,4,80,36503,Mammal
46,4,42,36503,Reptile
28,8,20,36503,fw_fish
27,2,25,36504,Amphibian
337,33,304,36504,Bird
84,3,81,36504,Mammal
48,4,44,36504,Reptile
26,7,19,36504,fw_fish
26,2,24,36505,Amphibian
334,32,302,36505,Bird
84,3,81,36505,Mammal
48,4,44,36505,Reptile
26,7,19,36505,fw_fish
28,3,25,36506,Amphibian
330,30,300,36506,Bird
88,4,84,36506,Mammal
48,4,44,36506,Reptile
30,8,22,36506,fw_fish
28,3,25,36507,Amphibian
328,30,298,36507,Bird
88,4,84,36507,Mammal
47,4,43,36507,Reptile
30,8,22,36507,fw_fish
28,3,25,36508,Amphibian
327,29,298,36508,Bird
87,4,83,36508,Mammal
47,4,43,36508,Reptile
28,7,21,36508,fw_fish
28,3,25,36509,Amphibian
326,30,296,36509,Bird
85,4,81,36509,Mammal
47,4,43,36509,Reptile
30,8,22,36509,fw_fish
27,2,25,36511,Amphibian
337,28,309,36511,Bird
89,4,85,36511,Mammal
48,4,44,36511,Reptile
30,8,22,36511,fw_fish
27,2,25,36512,Amphibian
384,35,349,36512,Bird
89,3,86,36512,Mammal
62,5,57,36512,Reptile
40,15,25,36512,fw_fish
26,2,24,36513,Amphibian
388,36,352,36513,Bird
97,3,94,36513,Mammal
59,4,55,36513,Reptile
40,15,25,36513,fw_fish
27,3,24,36514,Amphibian
394,38,356,36514,Bird
99,3,96,36514,Mammal
65,5,60,36514,Reptile
46,17,29,36514,fw_fish
27,3,24,36515,Amphibian
388,37,351,36515,Bird
96,3,93,36515,Mammal
63,5,58,36515,Reptile
40,15,25,36515,fw_fish
28,3,25,36517,Amphibian
388,37,351,36517,Bird
98,3,95,36517,Mammal
64,5,59,36517,Reptile
24,8,16,36517,fw_fish
26,2,24,36518,Amphibian
385,35,350,36518,Bird
95,3,92,36518,Mammal
59,4,55,36518,Reptile
24,8,16,36518,fw_fish
26,2,24,36519,Amphibian
378,35,343,36519,Bird
93,3,90,36519,Mammal
58,4,54,36519,Reptile
46,17,29,36519,fw_fish
26,2,24,36520,Amphibian
377,35,342,36520,Bird
90,3,87,36520,Mammal
57,4,53,36520,Reptile
40,15,25,36520,fw_fish
26,2,24,36521,Amphibian
378,35,343,36521,Bird
93,3,90,36521,Mammal
58,4,54,36521,Reptile
24,8,16,36521,fw_fish
26,2,24,36522,Amphibian
369,33,336,36522,Bird
89,3,86,36522,Mammal
56,4,52,36522,Reptile
24,8,16,36522,fw_fish
26,2,24,36523,Amphibian
370,34,336,36523,Bird
89,3,86,36523,Mammal
56,4,52,36523,Reptile
24,8,16,36523,fw_fish
26,2,24,36524,Amphibian
369,34,335,36524,Bird
89,3,86,36524,Mammal
55,4,51,36524,Reptile
24,8,16,36524,fw_fish
27,2,25,36525,Amphibian
366,35,331,36525,Bird
88,3,85,36525,Mammal
55,4,51,36525,Reptile
24,8,16,36525,fw_fish
26,2,24,36526,Amphibian
365,34,331,36526,Bird
87,3,84,36526,Mammal
55,4,51,36526,Reptile
24,8,16,36526,fw_fish
26,2,24,36527,Amphibian
369,34,335,36527,Bird
87,3,84,36527,Mammal
56,4,52,36527,Reptile
24,8,16,36527,fw_fish
27,2,25,36528,Amphibian
369,34,335,36528,Bird
87,3,84,36528,Mammal
55,4,51,36528,Reptile
24,8,16,36528,fw_fish
27,2,25,36529,Amphibian
374,34,340,36529,Bird
84,2,82,36529,Mammal
55,5,50,36529,Reptile
40,15,25,36529,fw_fish
26,1,25,36530,Amphibian
361,32,329,36530,Bird
79,2,77,36530,Mammal
52,5,47,36530,Reptile
40,15,25,36530,fw_fish
26,1,25,36531,Amphibian
368,33,335,36531,Bird
83,2,81,36531,Mammal
54,5,49,36531,Reptile
27,9,18,36531,fw_fish
26,2,24,36532,Amphibian
361,32,329,36532,Bird
82,2,80,36532,Mammal
52,4,48,36532,Reptile
28,9,19,36532,fw_fish
25,1,24,36533,Amphibian
360,32,328,36533,Bird
81,2,79,36533,Mammal
49,4,45,36533,Reptile
28,9,19,36533,fw_fish
30,3,27,36534,Amphibian
369,35,334,36534,Bird
105,5,100,36534,Mammal
60,4,56,36534,Reptile
44,13,31,36534,fw_fish
25,1,24,36535,Amphibian
375,35,340,36535,Bird
83,2,81,36535,Mammal
56,5,51,36535,Reptile
27,9,18,36535,fw_fish
28,3,25,36536,Amphibian
385,34,351,36536,Bird
86,3,83,36536,Mammal
61,4,57,36536,Reptile
35,12,23,36536,fw_fish
27,3,24,36537,Amphibian
379,35,344,36537,Bird
90,3,87,36537,Mammal
61,4,57,36537,Reptile
24,9,15,36537,fw_fish
27,3,24,36538,Amphibian
381,37,344,36538,Bird
88,3,85,36538,Mammal
61,4,57,36538,Reptile
36,14,22,36538,fw_fish
27,3,24,36539,Amphibian
380,35,345,36539,Bird
90,3,87,36539,Mammal
61,4,57,36539,Reptile
24,9,15,36539,fw_fish
27,3,24,36540,Amphibian
378,35,343,36540,Bird
90,3,87,36540,Mammal
62,5,57,36540,Reptile
23,8,15,36540,fw_fish
27,3,24,36541,Amphibian
388,37,351,36541,Bird
96,3,93,36541,Mammal
63,5,58,36541,Reptile
47,17,30,36541,fw_fish
27,3,24,36542,Amphibian
390,39,351,36542,Bird
97,3,94,36542,Mammal
65,5,60,36542,Reptile
47,17,30,36542,fw_fish
28,3,25,36544,Amphibian
388,40,348,36544,Bird
102,4,98,36544,Mammal
65,5,60,36544,Reptile
40,15,25,36544,fw_fish
28,3,25,36545,Amphibian
391,39,352,36545,Bird
102,4,98,36545,Mammal
66,5,61,36545,Reptile
47,17,30,36545,fw_fish
28,3,25,36546,Amphibian
389,40,349,36546,Bird
101,4,97,36546,Mammal
65,5,60,36546,Reptile
23,8,15,36546,fw_fish
28,3,25,36547,Amphibian
388,39,349,36547,Bird
100,3,97,36547,Mammal
65,5,60,36547,Reptile
23,8,15,36547,fw_fish
28,3,25,36548,Amphibian
383,39,344,36548,Bird
97,3,94,36548,Mammal
64,5,59,36548,Reptile
23,8,15,36548,fw_fish
28,3,25,36551,Amphibian
383,41,342,36551,Bird
96,3,93,36551,Mammal
62,5,57,36551,Reptile
27,12,15,36551,fw_fish
27,3,24,36552,Amphibian
378,36,342,36552,Bird
92,3,89,36552,Mammal
64,5,59,36552,Reptile
23,8,15,36552,fw_fish
27,3,24,36553,Amphibian
382,36,346,36553,Bird
85,3,82,36553,Mammal
61,4,57,36553,Reptile
24,9,15,36553,fw_fish
27,3,24,36555,Amphibian
359,34,325,36555,Bird
98,3,95,36555,Mammal
59,3,56,36555,Reptile
27,11,16,36555,fw_fish
29,4,25,36556,Amphibian
365,38,327,36556,Bird
100,3,97,36556,Mammal
61,3,58,36556,Reptile
31,12,19,36556,fw_fish
26,3,23,36557,Amphibian
367,38,329,36557,Bird
97,3,94,36557,Mammal
57,4,53,36557,Reptile
27,11,16,36557,fw_fish
27,3,24,36558,Amphibian
376,37,339,36558,Bird
83,3,80,36558,Mammal
59,4,55,36558,Reptile
25,9,16,36558,fw_fish
26,3,23,36559,Amphibian
378,37,341,36559,Bird
82,3,79,36559,Mammal
60,4,56,36559,Reptile
24,9,15,36559,fw_fish
27,3,24,36560,Amphibian
375,38,337,36560,Bird
92,3,89,36560,Mammal
58,4,54,36560,Reptile
28,12,16,36560,fw_fish
27,3,24,36561,Amphibian
376,38,338,36561,Bird
96,3,93,36561,Mammal
59,4,55,36561,Reptile
27,12,15,36561,fw_fish
27,3,24,36562,Amphibian
379,37,342,36562,Bird
93,3,90,36562,Mammal
59,4,55,36562,Reptile
35,13,22,36562,fw_fish
26,3,23,36563,Amphibian
375,36,339,36563,Bird
90,3,87,36563,Mammal
60,4,56,36563,Reptile
35,13,22,36563,fw_fish
28,3,25,36564,Amphibian
378,38,340,36564,Bird
98,3,95,36564,Mammal
60,4,56,36564,Reptile
35,13,22,36564,fw_fish
26,3,23,36565,Amphibian
373,37,336,36565,Bird
96,3,93,36565,Mammal
61,4,57,36565,Reptile
35,13,22,36565,fw_fish
28,3,25,36566,Amphibian
371,37,334,36566,Bird
97,3,94,36566,Mammal
60,3,57,36566,Reptile
27,12,15,36566,fw_fish
27,3,24,36567,Amphibian
354,33,321,36567,Bird
98,3,95,36567,Mammal
57,3,54,36567,Reptile
54,18,36,36567,fw_fish
27,3,24,36568,Amphibian
356,33,323,36568,Bird
97,3,94,36568,Mammal
57,3,54,36568,Reptile
52,19,33,36568,fw_fish
28,3,25,36569,Amphibian
355,33,322,36569,Bird
101,4,97,36569,Mammal
62,3,59,36569,Reptile
50,17,33,36569,fw_fish
30,3,27,36570,Amphibian
362,34,328,36570,Bird
108,5,103,36570,Mammal
63,3,60,36570,Reptile
51,17,34,36570,fw_fish
24,3,21,36571,Amphibian
347,32,315,36571,Bird
97,3,94,36571,Mammal
54,3,51,36571,Reptile
49,19,30,36571,fw_fish
25,4,21,36572,Amphibian
350,32,318,36572,Bird
95,3,92,36572,Mammal
56,3,53,36572,Reptile
59,21,38,36572,fw_fish
30,4,26,36573,Amphibian
368,35,333,36573,Bird
109,5,104,36573,Mammal
64,3,61,36573,Reptile
54,20,34,36573,fw_fish
27,3,24,36574,Amphibian
361,33,328,36574,Bird
104,4,100,36574,Mammal
62,3,59,36574,Reptile
73,27,46,36574,fw_fish
25,3,22,36575,Amphibian
328,33,295,36575,Bird
103,5,98,36575,Mammal
62,3,59,36575,Reptile
45,16,29,36575,fw_fish
26,3,23,36576,Amphibian
334,32,302,36576,Bird
103,5,98,36576,Mammal
63,3,60,36576,Reptile
45,16,29,36576,fw_fish
26,3,23,36577,Amphibian
344,33,311,36577,Bird
103,5,98,36577,Mammal
63,3,60,36577,Reptile
45,16,29,36577,fw_fish
23,3,20,36578,Amphibian
320,33,287,36578,Bird
102,5,97,36578,Mammal
60,3,57,36578,Reptile
41,14,27,36578,fw_fish
24,3,21,36579,Amphibian
351,36,315,36579,Bird
110,5,105,36579,Mammal
67,4,63,36579,Reptile
50,18,32,36579,fw_fish
24,3,21,36581,Amphibian
342,33,309,36581,Bird
104,5,99,36581,Mammal
66,4,62,36581,Reptile
50,18,32,36581,fw_fish
26,3,23,36582,Amphibian
346,30,316,36582,Bird
103,5,98,36582,Mammal
61,4,57,36582,Reptile
46,16,30,36582,fw_fish
28,3,25,36583,Amphibian
355,34,321,36583,Bird
104,5,99,36583,Mammal
64,4,60,36583,Reptile
46,16,30,36583,fw_fish
28,3,25,36584,Amphibian
353,34,319,36584,Bird
102,5,97,36584,Mammal
63,3,60,36584,Reptile
46,16,30,36584,fw_fish
27,3,24,36585,Amphibian
352,33,319,36585,Bird
99,5,94,36585,Mammal
62,3,59,36585,Reptile
33,13,20,36585,fw_fish
28,3,25,36586,Amphibian
354,34,320,36586,Bird
100,5,95,36586,Mammal
61,3,58,36586,Reptile
46,16,30,36586,fw_fish
25,3,22,36587,Amphibian
344,31,313,36587,Bird
100,5,95,36587,Mammal
61,4,57,36587,Reptile
46,16,30,36587,fw_fish
27,3,24,36588,Amphibian
352,32,320,36588,Bird
102,5,97,36588,Mammal
62,5,57,36588,Reptile
47,17,30,36588,fw_fish
27,3,24,36589,Amphibian
351,31,320,36589,Bird
101,5,96,36589,Mammal
62,4,58,36589,Reptile
46,16,30,36589,fw_fish
25,3,22,36590,Amphibian
343,31,312,36590,Bird
100,5,95,36590,Mammal
60,4,56,36590,Reptile
47,17,30,36590,fw_fish
25,3,22,36591,Amphibian
347,31,316,36591,Bird
100,5,95,36591,Mammal
60,4,56,36591,Reptile
46,17,29,36591,fw_fish
26,3,23,36592,Amphibian
348,31,317,36592,Bird
100,5,95,36592,Mammal
59,4,55,36592,Reptile
47,17,30,36592,fw_fish
27,3,24,36593,Amphibian
348,31,317,36593,Bird
99,5,94,36593,Mammal
59,4,55,36593,Reptile
47,17,30,36593,fw_fish
27,3,24,36594,Amphibian
351,31,320,36594,Bird
99,5,94,36594,Mammal
60,4,56,36594,Reptile
47,17,30,36594,fw_fish
24,3,21,36595,Amphibian
343,32,311,36595,Bird
99,5,94,36595,Mammal
62,4,58,36595,Reptile
47,17,30,36595,fw_fish
25,3,22,36596,Amphibian
345,32,313,36596,Bird
98,5,93,36596,Mammal
59,4,55,36596,Reptile
46,17,29,36596,fw_fish
26,3,23,36597,Amphibian
351,33,318,36597,Bird
97,5,92,36597,Mammal
59,4,55,36597,Reptile
47,17,30,36597,fw_fish
26,3,23,36598,Amphibian
350,33,317,36598,Bird
97,5,92,36598,Mammal
59,4,55,36598,Reptile
48,17,31,36598,fw_fish
26,3,23,36599,Amphibian
350,34,316,36599,Bird
96,5,91,36599,Mammal
60,4,56,36599,Reptile
47,17,30,36599,fw_fish
26,3,23,36600,Amphibian
349,34,315,36600,Bird
94,5,89,36600,Mammal
60,4,56,36600,Reptile
47,17,30,36600,fw_fish
21,1,20,36601,Amphibian
346,40,306,36601,Bird
69,2,67,36601,Mammal
50,6,44,36601,Reptile
23,9,14,36601,fw_fish
28,4,24,36602,Amphibian
374,38,336,36602,Bird
96,4,92,36602,Mammal
58,2,56,36602,Reptile
27,12,15,36602,fw_fish
23,1,22,36603,Amphibian
351,38,313,36603,Bird
72,2,70,36603,Mammal
51,6,45,36603,Reptile
28,10,18,36603,fw_fish
28,4,24,36604,Amphibian
356,34,322,36604,Bird
100,5,95,36604,Mammal
61,3,58,36604,Reptile
46,16,30,36604,fw_fish
28,4,24,36605,Amphibian
357,34,323,36605,Bird
99,5,94,36605,Mammal
61,3,58,36605,Reptile
47,16,31,36605,fw_fish
28,4,24,36606,Amphibian
357,34,323,36606,Bird
99,5,94,36606,Mammal
61,3,58,36606,Reptile
49,17,32,36606,fw_fish
32,4,28,36607,Amphibian
426,49,377,36607,Bird
106,5,101,36607,Mammal
70,6,64,36607,Reptile
62,21,41,36607,fw_fish
23,1,22,36608,Amphibian
335,39,296,36608,Bird
70,2,68,36608,Mammal
44,6,38,36608,Reptile
39,15,24,36608,fw_fish
28,4,24,36609,Amphibian
363,35,328,36609,Bird
98,5,93,36609,Mammal
61,3,58,36609,Reptile
47,16,31,36609,fw_fish
28,4,24,36610,Amphibian
362,36,326,36610,Bird
97,5,92,36610,Mammal
61,3,58,36610,Reptile
47,16,31,36610,fw_fish
28,4,24,36611,Amphibian
362,36,326,36611,Bird
97,5,92,36611,Mammal
61,3,58,36611,Reptile
48,17,31,36611,fw_fish
28,4,24,36612,Amphibian
363,36,327,36612,Bird
97,5,92,36612,Mammal
59,2,57,36612,Reptile
27,12,15,36612,fw_fish
23,1,22,36613,Amphibian
343,38,305,36613,Bird
71,2,69,36613,Mammal
47,6,41,36613,Reptile
40,15,25,36613,fw_fish
28,4,24,36614,Amphibian
356,32,324,36614,Bird
100,5,95,36614,Mammal
63,4,59,36614,Reptile
47,16,31,36614,fw_fish
32,4,28,36615,Amphibian
427,50,377,36615,Bird
109,5,104,36615,Mammal
69,6,63,36615,Reptile
66,20,46,36615,fw_fish
23,1,22,36616,Amphibian
342,37,305,36616,Bird
72,2,70,36616,Mammal
47,6,41,36616,Reptile
25,7,18,36616,fw_fish
29,4,25,36617,Amphibian
379,41,338,36617,Bird
99,5,94,36617,Mammal
60,3,57,36617,Reptile
61,19,42,36617,fw_fish
27,3,24,36618,Amphibian
357,34,323,36618,Bird
100,5,95,36618,Mammal
61,4,57,36618,Reptile
47,16,31,36618,fw_fish
27,4,23,36620,Amphibian
358,34,324,36620,Bird
100,5,95,36620,Mammal
62,4,58,36620,Reptile
47,16,31,36620,fw_fish
27,4,23,36621,Amphibian
369,38,331,36621,Bird
98,5,93,36621,Mammal
62,4,58,36621,Reptile
62,19,43,36621,fw_fish
27,4,23,36623,Amphibian
365,37,328,36623,Bird
98,5,93,36623,Mammal
61,4,57,36623,Reptile
61,19,42,36623,fw_fish
24,1,23,36624,Amphibian
363,35,328,36624,Bird
78,2,76,36624,Mammal
55,5,50,36624,Reptile
33,12,21,36624,fw_fish
26,4,22,36625,Amphibian
369,37,332,36625,Bird
99,5,94,36625,Mammal
59,4,55,36625,Reptile
61,19,42,36625,fw_fish
26,3,23,36626,Amphibian
354,33,321,36626,Bird
99,5,94,36626,Mammal
60,4,56,36626,Reptile
47,16,31,36626,fw_fish
26,3,23,36627,Amphibian
353,33,320,36627,Bird
98,5,93,36627,Mammal
60,4,56,36627,Reptile
47,16,31,36627,fw_fish
26,3,23,36628,Amphibian
348,32,316,36628,Bird
96,5,91,36628,Mammal
59,4,55,36628,Reptile
47,16,31,36628,fw_fish
26,3,23,36629,Amphibian
350,34,316,36629,Bird
95,5,90,36629,Mammal
59,4,55,36629,Reptile
47,16,31,36629,fw_fish
26,4,22,36630,Amphibian
357,33,324,36630,Bird
95,5,90,36630,Mammal
59,4,55,36630,Reptile
50,17,33,36630,fw_fish
26,4,22,36631,Amphibian
357,33,324,36631,Bird
98,5,93,36631,Mammal
59,4,55,36631,Reptile
50,17,33,36631,fw_fish
26,4,22,36632,Amphibian
360,34,326,36632,Bird
96,5,91,36632,Mammal
58,4,54,36632,Reptile
49,17,32,36632,fw_fish
26,4,22,36633,Amphibian
359,34,325,36633,Bird
97,5,92,36633,Mammal
58,4,54,36633,Reptile
49,17,32,36633,fw_fish
26,4,22,36634,Amphibian
370,36,334,36634,Bird
100,5,95,36634,Mammal
61,4,57,36634,Reptile
61,19,42,36634,fw_fish
26,4,22,36635,Amphibian
372,37,335,36635,Bird
100,5,95,36635,Mammal
60,4,56,36635,Reptile
61,19,42,36635,fw_fish
26,4,22,36636,Amphibian
371,37,334,36636,Bird
98,5,93,36636,Mammal
59,4,55,36636,Reptile
61,19,42,36636,fw_fish
26,4,22,36637,Amphibian
371,37,334,36637,Bird
100,5,95,36637,Mammal
59,4,55,36637,Reptile
61,19,42,36637,fw_fish
25,4,21,36638,Amphibian
368,37,331,36638,Bird
96,5,91,36638,Mammal
59,4,55,36638,Reptile
61,19,42,36638,fw_fish
25,4,21,36639,Amphibian
368,37,331,36639,Bird
95,5,90,36639,Mammal
57,4,53,36639,Reptile
61,19,42,36639,fw_fish
25,4,21,36640,Amphibian
369,37,332,36640,Bird
95,5,90,36640,Mammal
56,4,52,36640,Reptile
61,19,42,36640,fw_fish
25,4,21,36641,Amphibian
371,37,334,36641,Bird
95,5,90,36641,Mammal
56,4,52,36641,Reptile
61,19,42,36641,fw_fish
25,4,21,36642,Amphibian
370,37,333,36642,Bird
95,5,90,36642,Mammal
56,4,52,36642,Reptile
61,19,42,36642,fw_fish
25,4,21,36643,Amphibian
371,37,334,36643,Bird
95,5,90,36643,Mammal
56,4,52,36643,Reptile
61,19,42,36643,fw_fish
29,4,25,36644,Amphibian
391,42,349,36644,Bird
96,3,93,36644,Mammal
61,4,57,36644,Reptile
63,20,43,36644,fw_fish
28,4,24,36645,Amphibian
381,41,340,36645,Bird
98,4,94,36645,Mammal
60,3,57,36645,Reptile
61,19,42,36645,fw_fish
27,4,23,36646,Amphibian
376,39,337,36646,Bird
99,5,94,36646,Mammal
59,3,56,36646,Reptile
61,19,42,36646,fw_fish
29,4,25,36647,Amphibian
387,41,346,36647,Bird
99,5,94,36647,Mammal
59,3,56,36647,Reptile
61,19,42,36647,fw_fish
28,4,24,36648,Amphibian
377,39,338,36648,Bird
100,5,95,36648,Mammal
58,4,54,36648,Reptile
64,21,43,36648,fw_fish
26,4,22,36649,Amphibian
369,37,332,36649,Bird
98,5,93,36649,Mammal
58,4,54,36649,Reptile
61,19,42,36649,fw_fish
26,4,22,36650,Amphibian
369,37,332,36650,Bird
98,5,93,36650,Mammal
58,4,54,36650,Reptile
61,19,42,36650,fw_fish
26,4,22,36651,Amphibian
370,37,333,36651,Bird
98,5,93,36651,Mammal
58,4,54,36651,Reptile
61,19,42,36651,fw_fish
27,4,23,36652,Amphibian
375,38,337,36652,Bird
96,5,91,36652,Mammal
58,4,54,36652,Reptile
50,18,32,36652,fw_fish
27,4,23,36653,Amphibian
378,38,340,36653,Bird
99,5,94,36653,Mammal
59,4,55,36653,Reptile
57,21,36,36653,fw_fish
27,4,23,36654,Amphibian
377,39,338,36654,Bird
99,5,94,36654,Mammal
58,4,54,36654,Reptile
56,20,36,36654,fw_fish
27,4,23,36655,Amphibian
376,38,338,36655,Bird
95,5,90,36655,Mammal
57,4,53,36655,Reptile
56,20,36,36655,fw_fish
27,4,23,36656,Amphibian
380,40,340,36656,Bird
99,5,94,36656,Mammal
60,4,56,36656,Reptile
56,20,36,36656,fw_fish
27,4,23,36657,Amphibian
379,40,339,36657,Bird
100,5,95,36657,Mammal
59,4,55,36657,Reptile
57,21,36,36657,fw_fish
29,4,25,36658,Amphibian
400,46,354,36658,Bird
109,6,103,36658,Mammal
62,5,57,36658,Reptile
57,20,37,36658,fw_fish
28,4,24,36659,Amphibian
387,44,343,36659,Bird
102,5,97,36659,Mammal
60,4,56,36659,Reptile
56,20,36,36659,fw_fish
28,4,24,36660,Amphibian
388,44,344,36660,Bird
104,5,99,36660,Mammal
60,4,56,36660,Reptile
56,20,36,36660,fw_fish
30,4,26,36661,Amphibian
396,47,349,36661,Bird
105,5,100,36661,Mammal
60,4,56,36661,Reptile
56,20,36,36661,fw_fish
29,4,25,36662,Amphibian
396,47,349,36662,Bird
105,5,100,36662,Mammal
60,4,56,36662,Reptile
56,20,36,36662,fw_fish
30,4,26,36663,Amphibian
400,47,353,36663,Bird
106,5,101,36663,Mammal
60,4,56,36663,Reptile
56,20,36,36663,fw_fish
30,4,26,36664,Amphibian
396,44,352,36664,Bird
102,3,99,36664,Mammal
61,4,57,36664,Reptile
56,20,36,36664,fw_fish
28,3,25,36665,Amphibian
393,44,349,36665,Bird
103,4,99,36665,Mammal
62,4,58,36665,Reptile
56,20,36,36665,fw_fish
29,3,26,36666,Amphibian
402,45,357,36666,Bird
102,4,98,36666,Mammal
65,5,60,36666,Reptile
23,8,15,36666,fw_fish
28,3,25,36667,Amphibian
392,41,351,36667,Bird
103,4,99,36667,Mammal
64,5,59,36667,Reptile
23,8,15,36667,fw_fish
30,4,26,36668,Amphibian
396,44,352,36668,Bird
105,4,101,36668,Mammal
62,5,57,36668,Reptile
56,20,36,36668,fw_fish
31,4,27,36669,Amphibian
398,45,353,36669,Bird
108,6,102,36669,Mammal
62,5,57,36669,Reptile
56,20,36,36669,fw_fish
31,4,27,36670,Amphibian
405,47,358,36670,Bird
106,5,101,36670,Mammal
64,5,59,36670,Reptile
57,20,37,36670,fw_fish
31,4,27,36671,Amphibian
395,44,351,36671,Bird
107,5,102,36671,Mammal
63,5,58,36671,Reptile
57,20,37,36671,fw_fish
31,4,27,36672,Amphibian
396,44,352,36672,Bird
106,5,101,36672,Mammal
63,5,58,36672,Reptile
57,20,37,36672,fw_fish
30,4,26,36673,Amphibian
398,46,352,36673,Bird
105,5,100,36673,Mammal
64,6,58,36673,Reptile
57,20,37,36673,fw_fish
29,4,25,36674,Amphibian
396,44,352,36674,Bird
106,6,100,36674,Mammal
65,6,59,36674,Reptile
58,20,38,36674,fw_fish
29,4,25,36675,Amphibian
383,40,343,36675,Bird
102,5,97,36675,Mammal
66,6,60,36675,Reptile
45,15,30,36675,fw_fish
27,4,23,36676,Amphibian
389,42,347,36676,Bird
104,6,98,36676,Mammal
65,6,59,36676,Reptile
45,15,30,36676,fw_fish
27,4,23,36677,Amphibian
385,44,341,36677,Bird
104,6,98,36677,Mammal
65,6,59,36677,Reptile
58,20,38,36677,fw_fish
27,4,23,36678,Amphibian
379,41,338,36678,Bird
100,5,95,36678,Mammal
61,4,57,36678,Reptile
58,20,38,36678,fw_fish
27,4,23,36679,Amphibian
378,40,338,36679,Bird
99,5,94,36679,Mammal
58,4,54,36679,Reptile
56,20,36,36679,fw_fish
27,4,23,36680,Amphibian
376,39,337,36680,Bird
96,5,91,36680,Mammal
57,4,53,36680,Reptile
56,20,36,36680,fw_fish
27,4,23,36681,Amphibian
380,40,340,36681,Bird
97,5,92,36681,Mammal
58,4,54,36681,Reptile
45,15,30,36681,fw_fish
26,4,22,36682,Amphibian
373,37,336,36682,Bird
94,5,89,36682,Mammal
57,4,53,36682,Reptile
50,18,32,36682,fw_fish
29,3,26,36683,Amphibian
382,35,347,36683,Bird
103,5,98,36683,Mammal
63,5,58,36683,Reptile
24,8,16,36683,fw_fish
29,3,26,36684,Amphibian
382,35,347,36684,Bird
103,5,98,36684,Mammal
64,5,59,36684,Reptile
24,8,16,36684,fw_fish
29,3,26,36685,Amphibian
382,37,345,36685,Bird
103,5,98,36685,Mammal
64,5,59,36685,Reptile
24,8,16,36685,fw_fish
28,4,24,36686,Amphibian
348,31,317,36686,Bird
93,5,88,36686,Mammal
60,5,55,36686,Reptile
57,18,39,36686,fw_fish
27,4,23,36687,Amphibian
349,32,317,36687,Bird
92,4,88,36687,Mammal
60,5,55,36687,Reptile
47,14,33,36687,fw_fish
28,4,24,36688,Amphibian
348,32,316,36688,Bird
96,5,91,36688,Mammal
61,5,56,36688,Reptile
49,14,35,36688,fw_fish
29,3,26,36689,Amphibian
345,32,313,36689,Bird
96,4,92,36689,Mammal
60,4,56,36689,Reptile
47,14,33,36689,fw_fish
29,3,26,36690,Amphibian
350,33,317,36690,Bird
95,4,91,36690,Mammal
59,4,55,36690,Reptile
47,14,33,36690,fw_fish
29,3,26,36691,Amphibian
342,32,310,36691,Bird
93,3,90,36691,Mammal
58,3,55,36691,Reptile
47,14,33,36691,fw_fish
27,3,24,36692,Amphibian
337,29,308,36692,Bird
90,4,86,36692,Mammal
51,4,47,36692,Reptile
34,9,25,36692,fw_fish
27,3,24,36693,Amphibian
335,29,306,36693,Bird
88,4,84,36693,Mammal
53,4,49,36693,Reptile
30,8,22,36693,fw_fish
29,3,26,36694,Amphibian
331,29,302,36694,Bird
90,4,86,36694,Mammal
53,4,49,36694,Reptile
44,17,27,36694,fw_fish
30,3,27,36695,Amphibian
332,29,303,36695,Bird
88,4,84,36695,Mammal
52,4,48,36695,Reptile
51,19,32,36695,fw_fish
30,3,27,36696,Amphibian
331,29,302,36696,Bird
88,4,84,36696,Mammal
53,3,50,36696,Reptile
51,19,32,36696,fw_fish
30,3,27,36697,Amphibian
329,29,300,36697,Bird
87,4,83,36697,Mammal
52,3,49,36697,Reptile
54,18,36,36697,fw_fish
30,3,27,36698,Amphibian
332,29,303,36698,Bird
87,4,83,36698,Mammal
52,3,49,36698,Reptile
54,18,36,36698,fw_fish
30,3,27,36699,Amphibian
329,29,300,36699,Bird
85,4,81,36699,Mammal
51,3,48,36699,Reptile
54,18,36,36699,fw_fish
30,3,27,36700,Amphibian
332,27,305,36700,Bird
86,4,82,36700,Mammal
53,3,50,36700,Reptile
58,20,38,36700,fw_fish
30,3,27,36701,Amphibian
335,27,308,36701,Bird
84,4,80,36701,Mammal
53,3,50,36701,Reptile
58,20,38,36701,fw_fish
30,3,27,36702,Amphibian
334,27,307,36702,Bird
85,4,81,36702,Mammal
52,3,49,36702,Reptile
58,20,38,36702,fw_fish
30,3,27,36703,Amphibian
344,28,316,36703,Bird
88,5,83,36703,Mammal
53,3,50,36703,Reptile
59,20,39,36703,fw_fish
30,3,27,36704,Amphibian
335,28,307,36704,Bird
87,4,83,36704,Mammal
51,3,48,36704,Reptile
58,20,38,36704,fw_fish
30,3,27,36705,Amphibian
332,28,304,36705,Bird
85,4,81,36705,Mammal
52,3,49,36705,Reptile
58,20,38,36705,fw_fish
27,3,24,36706,Amphibian
348,28,320,36706,Bird
90,5,85,36706,Mammal
52,3,49,36706,Reptile
53,18,35,36706,fw_fish
24,2,22,36707,Amphibian
366,37,329,36707,Bird
78,2,76,36707,Mammal
57,5,52,36707,Reptile
24,9,15,36707,fw_fish
27,3,24,36710,Amphibian
334,30,304,36710,Bird
96,4,92,36710,Mammal
60,5,55,36710,Reptile
47,14,33,36710,fw_fish
27,3,24,36711,Amphibian
326,26,300,36711,Bird
90,5,85,36711,Mammal
54,4,50,36711,Reptile
42,14,28,36711,fw_fish
27,3,24,36712,Amphibian
323,26,297,36712,Bird
90,5,85,36712,Mammal
54,4,50,36712,Reptile
45,17,28,36712,fw_fish
27,3,24,36713,Amphibian
322,26,296,36713,Bird
90,5,85,36713,Mammal
54,4,50,36713,Reptile
45,17,28,36713,fw_fish
25,3,22,36714,Amphibian
332,28,304,36714,Bird
86,5,81,36714,Mammal
54,3,51,36714,Reptile
50,18,32,36714,fw_fish
25,3,22,36715,Amphibian
328,27,301,36715,Bird
89,5,84,36715,Mammal
54,4,50,36715,Reptile
50,18,32,36715,fw_fish
25,2,23,36716,Amphibian
321,28,293,36716,Bird
84,4,80,36716,Mammal
52,4,48,36716,Reptile
42,14,28,36716,fw_fish
23,2,21,36717,Amphibian
318,26,292,36717,Bird
84,4,80,36717,Mammal
53,4,49,36717,Reptile
42,14,28,36717,fw_fish
25,3,22,36718,Amphibian
321,26,295,36718,Bird
87,5,82,36718,Mammal
52,4,48,36718,Reptile
42,14,28,36718,fw_fish
23,2,21,36719,Amphibian
311,31,280,36719,Bird
83,3,80,36719,Mammal
49,3,46,36719,Reptile
44,14,30,36719,fw_fish
23,2,21,36720,Amphibian
315,31,284,36720,Bird
86,5,81,36720,Mammal
50,3,47,36720,Reptile
44,14,30,36720,fw_fish
27,4,23,36721,Amphibian
380,41,339,36721,Bird
93,4,89,36721,Mammal
63,5,58,36721,Reptile
45,15,30,36721,fw_fish
26,3,23,36722,Amphibian
365,37,328,36722,Bird
87,3,84,36722,Mammal
62,5,57,36722,Reptile
45,15,30,36722,fw_fish
26,3,23,36723,Amphibian
355,36,319,36723,Bird
84,3,81,36723,Mammal
58,4,54,36723,Reptile
45,15,30,36723,fw_fish
26,3,23,36724,Amphibian
353,36,317,36724,Bird
84,3,81,36724,Mammal
57,4,53,36724,Reptile
45,15,30,36724,fw_fish
26,3,23,36725,Amphibian
353,36,317,36725,Bird
84,3,81,36725,Mammal
57,4,53,36725,Reptile
45,15,30,36725,fw_fish
28,4,24,36726,Amphibian
346,33,313,36726,Bird
88,4,84,36726,Mammal
60,5,55,36726,Reptile
54,17,37,36726,fw_fish
26,3,23,36727,Amphibian
336,33,303,36727,Bird
85,3,82,36727,Mammal
58,4,54,36727,Reptile
55,18,37,36727,fw_fish
26,3,23,36728,Amphibian
329,32,297,36728,Bird
83,3,80,36728,Mammal
57,5,52,36728,Reptile
53,17,36,36728,fw_fish
26,3,23,36729,Amphibian
322,33,289,36729,Bird
80,3,77,36729,Mammal
57,5,52,36729,Reptile
48,15,33,36729,fw_fish
25,3,22,36730,Amphibian
323,32,291,36730,Bird
82,3,79,36730,Mammal
53,4,49,36730,Reptile
48,15,33,36730,fw_fish
24,3,21,36731,Amphibian
365,36,329,36731,Bird
94,5,89,36731,Mammal
55,4,51,36731,Reptile
50,18,32,36731,fw_fish
24,3,21,36732,Amphibian
368,37,331,36732,Bird
92,4,88,36732,Mammal
55,4,51,36732,Reptile
55,19,36,36732,fw_fish
27,4,23,36733,Amphibian
373,37,336,36733,Bird
95,5,90,36733,Mammal
56,4,52,36733,Reptile
56,20,36,36733,fw_fish
27,4,23,36734,Amphibian
374,37,337,36734,Bird
94,5,89,36734,Mammal
56,4,52,36734,Reptile
45,15,30,36734,fw_fish
27,4,23,36735,Amphibian
379,40,339,36735,Bird
95,5,90,36735,Mammal
58,4,54,36735,Reptile
45,15,30,36735,fw_fish
27,4,23,36736,Amphibian
380,39,341,36736,Bird
97,5,92,36736,Mammal
62,6,56,36736,Reptile
45,15,30,36736,fw_fish
27,4,23,36737,Amphibian
374,37,337,36737,Bird
94,5,89,36737,Mammal
56,4,52,36737,Reptile
45,15,30,36737,fw_fish
27,4,23,36738,Amphibian
375,39,336,36738,Bird
95,5,90,36738,Mammal
58,4,54,36738,Reptile
45,15,30,36738,fw_fish
25,3,22,36739,Amphibian
369,39,330,36739,Bird
86,3,83,36739,Mammal
59,4,55,36739,Reptile
45,15,30,36739,fw_fish
25,3,22,36740,Amphibian
357,38,319,36740,Bird
86,3,83,36740,Mammal
58,4,54,36740,Reptile
56,20,36,36740,fw_fish
25,3,22,36741,Amphibian
358,38,320,36741,Bird
85,3,82,36741,Mammal
59,4,55,36741,Reptile
56,20,36,36741,fw_fish
25,3,22,36742,Amphibian
349,37,312,36742,Bird
84,3,81,36742,Mammal
56,4,52,36742,Reptile
56,20,36,36742,fw_fish
26,3,23,36743,Amphibian
348,38,310,36743,Bird
83,3,80,36743,Mammal
58,5,53,36743,Reptile
55,20,35,36743,fw_fish
26,3,23,36744,Amphibian
344,37,307,36744,Bird
85,3,82,36744,Mammal
58,5,53,36744,Reptile
55,20,35,36744,fw_fish
26,3,23,36745,Amphibian
346,37,309,36745,Bird
84,3,81,36745,Mammal
57,4,53,36745,Reptile
45,15,30,36745,fw_fish
27,3,24,36746,Amphibian
360,42,318,36746,Bird
86,3,83,36746,Mammal
62,6,56,36746,Reptile
69,24,45,36746,fw_fish
23,3,20,36747,Amphibian
347,38,309,36747,Bird
81,3,78,36747,Mammal
58,5,53,36747,Reptile
55,20,35,36747,fw_fish
24,3,21,36748,Amphibian
340,39,301,36748,Bird
81,3,78,36748,Mammal
59,5,54,36748,Reptile
69,26,43,36748,fw_fish
24,3,21,36749,Amphibian
339,39,300,36749,Bird
81,3,78,36749,Mammal
60,6,54,36749,Reptile
61,22,39,36749,fw_fish
24,2,22,36750,Amphibian
344,33,311,36750,Bird
92,5,87,36750,Mammal
60,4,56,36750,Reptile
47,16,31,36750,fw_fish
25,3,22,36751,Amphibian
346,34,312,36751,Bird
93,5,88,36751,Mammal
60,4,56,36751,Reptile
47,16,31,36751,fw_fish
25,3,22,36752,Amphibian
350,34,316,36752,Bird
94,5,89,36752,Mammal
59,4,55,36752,Reptile
49,17,32,36752,fw_fish
24,3,21,36753,Amphibian
368,36,332,36753,Bird
93,5,88,36753,Mammal
55,4,51,36753,Reptile
61,19,42,36753,fw_fish
24,3,21,36754,Amphibian
368,36,332,36754,Bird
95,5,90,36754,Mammal
54,4,50,36754,Reptile
61,19,42,36754,fw_fish
25,4,21,36755,Amphibian
369,36,333,36755,Bird
95,5,90,36755,Mammal
56,4,52,36755,Reptile
61,19,42,36755,fw_fish
24,3,21,36756,Amphibian
353,36,317,36756,Bird
91,4,87,36756,Mammal
59,4,55,36756,Reptile
49,17,32,36756,fw_fish
23,3,20,36757,Amphibian
360,36,324,36757,Bird
92,4,88,36757,Mammal
58,4,54,36757,Reptile
61,19,42,36757,fw_fish
24,3,21,36758,Amphibian
366,37,329,36758,Bird
92,3,89,36758,Mammal
57,4,53,36758,Reptile
61,19,42,36758,fw_fish
24,2,22,36759,Amphibian
350,36,314,36759,Bird
97,3,94,36759,Mammal
59,4,55,36759,Reptile
51,18,33,36759,fw_fish
23,3,20,36760,Amphibian
351,35,316,36760,Bird
90,3,87,36760,Mammal
59,4,55,36760,Reptile
49,17,32,36760,fw_fish
24,2,22,36761,Amphibian
348,35,313,36761,Bird
98,3,95,36761,Mammal
57,4,53,36761,Reptile
51,18,33,36761,fw_fish
23,3,20,36762,Amphibian
353,36,317,36762,Bird
89,3,86,36762,Mammal
58,4,54,36762,Reptile
56,18,38,36762,fw_fish
23,3,20,36763,Amphibian
360,36,324,36763,Bird
87,3,84,36763,Mammal
56,4,52,36763,Reptile
50,18,32,36763,fw_fish
23,3,20,36764,Amphibian
355,37,318,36764,Bird
93,3,90,36764,Mammal
59,4,55,36764,Reptile
61,20,41,36764,fw_fish
23,3,20,36765,Amphibian
350,37,313,36765,Bird
84,3,81,36765,Mammal
54,4,50,36765,Reptile
50,18,32,36765,fw_fish
23,2,21,36766,Amphibian
342,38,304,36766,Bird
94,3,91,36766,Mammal
57,3,54,36766,Reptile
73,23,50,36766,fw_fish
23,3,20,36767,Amphibian
344,38,306,36767,Bird
94,3,91,36767,Mammal
61,5,56,36767,Reptile
70,22,48,36767,fw_fish
23,3,20,36768,Amphibian
355,38,317,36768,Bird
95,3,92,36768,Mammal
60,5,55,36768,Reptile
73,23,50,36768,fw_fish
22,3,19,36769,Amphibian
354,40,314,36769,Bird
93,3,90,36769,Mammal
60,5,55,36769,Reptile
61,20,41,36769,fw_fish
22,3,19,36770,Amphibian
348,38,310,36770,Bird
86,3,83,36770,Mammal
58,4,54,36770,Reptile
61,20,41,36770,fw_fish
22,3,19,36771,Amphibian
354,41,313,36771,Bird
94,3,91,36771,Mammal
62,5,57,36771,Reptile
74,24,50,36771,fw_fish
22,3,19,36772,Amphibian
345,37,308,36772,Bird
84,3,81,36772,Mammal
59,5,54,36772,Reptile
74,24,50,36772,fw_fish
23,2,21,36773,Amphibian
332,32,300,36773,Bird
101,5,96,36773,Mammal
65,4,61,36773,Reptile
50,18,32,36773,fw_fish
23,2,21,36774,Amphibian
331,31,300,36774,Bird
102,5,97,36774,Mammal
64,4,60,36774,Reptile
50,18,32,36774,fw_fish
24,2,22,36775,Amphibian
337,34,303,36775,Bird
99,5,94,36775,Mammal
62,4,58,36775,Reptile
51,19,32,36775,fw_fish
24,2,22,36776,Amphibian
343,34,309,36776,Bird
97,5,92,36776,Mammal
63,4,59,36776,Reptile
46,17,29,36776,fw_fish
24,2,22,36777,Amphibian
344,34,310,36777,Bird
96,5,91,36777,Mammal
63,4,59,36777,Reptile
46,17,29,36777,fw_fish
24,2,22,36778,Amphibian
342,33,309,36778,Bird
96,5,91,36778,Mammal
61,4,57,36778,Reptile
51,18,33,36778,fw_fish
24,2,22,36779,Amphibian
345,33,312,36779,Bird
93,5,88,36779,Mammal
61,4,57,36779,Reptile
53,19,34,36779,fw_fish
22,2,20,36780,Amphibian
325,33,292,36780,Bird
98,4,94,36780,Mammal
65,4,61,36780,Reptile
50,18,32,36780,fw_fish
24,2,22,36782,Amphibian
343,34,309,36782,Bird
94,4,90,36782,Mammal
59,4,55,36782,Reptile
52,18,34,36782,fw_fish
24,2,22,36783,Amphibian
320,34,286,36783,Bird
100,3,97,36783,Mammal
59,4,55,36783,Reptile
50,18,32,36783,fw_fish
24,2,22,36784,Amphibian
328,36,292,36784,Bird
99,3,96,36784,Mammal
60,4,56,36784,Reptile
51,18,33,36784,fw_fish
24,2,22,36785,Amphibian
335,36,299,36785,Bird
100,3,97,36785,Mammal
60,4,56,36785,Reptile
52,18,34,36785,fw_fish
24,2,22,36786,Amphibian
325,38,287,36786,Bird
100,3,97,36786,Mammal
58,4,54,36786,Reptile
50,18,32,36786,fw_fish
24,2,22,36787,Amphibian
325,36,289,36787,Bird
99,3,96,36787,Mammal
58,4,54,36787,Reptile
51,18,33,36787,fw_fish
25,2,23,36788,Amphibian
329,43,286,36788,Bird
104,4,100,36788,Mammal
58,4,54,36788,Reptile
112,39,73,36788,fw_fish
24,2,22,36789,Amphibian
325,38,287,36789,Bird
101,3,98,36789,Mammal
58,4,54,36789,Reptile
51,18,33,36789,fw_fish
25,2,23,36790,Amphibian
330,39,291,36790,Bird
101,3,98,36790,Mammal
58,3,55,36790,Reptile
51,18,33,36790,fw_fish
24,2,22,36791,Amphibian
328,37,291,36791,Bird
99,3,96,36791,Mammal
59,3,56,36791,Reptile
50,18,32,36791,fw_fish
23,2,21,36792,Amphibian
342,39,303,36792,Bird
98,3,95,36792,Mammal
60,4,56,36792,Reptile
53,19,34,36792,fw_fish
23,2,21,36793,Amphibian
317,33,284,36793,Bird
102,5,97,36793,Mammal
62,3,59,36793,Reptile
41,14,27,36793,fw_fish
23,2,21,36795,Amphibian
320,34,286,36795,Bird
101,3,98,36795,Mammal
60,4,56,36795,Reptile
50,18,32,36795,fw_fish
24,2,22,36796,Amphibian
312,34,278,36796,Bird
100,4,96,36796,Mammal
61,6,55,36796,Reptile
80,26,54,36796,fw_fish
25,2,23,36797,Amphibian
321,40,281,36797,Bird
102,4,98,36797,Mammal
62,6,56,36797,Reptile
80,26,54,36797,fw_fish
24,2,22,36798,Amphibian
315,34,281,36798,Bird
101,4,97,36798,Mammal
60,5,55,36798,Reptile
80,26,54,36798,fw_fish
24,2,22,36799,Amphibian
316,35,281,36799,Bird
100,4,96,36799,Mammal
59,5,54,36799,Reptile
101,33,68,36799,fw_fish
24,1,23,36800,Amphibian
320,41,279,36800,Bird
116,8,108,36800,Mammal
77,5,72,36800,Reptile
112,37,75,36800,fw_fish
25,1,24,36801,Amphibian
326,43,283,36801,Bird
112,8,104,36801,Mammal
75,6,69,36801,Reptile
101,35,66,36801,fw_fish
25,1,24,36802,Amphibian
308,32,276,36802,Bird
98,5,93,36802,Mammal
66,6,60,36802,Reptile
101,35,66,36802,fw_fish
25,1,24,36803,Amphibian
306,32,274,36803,Bird
98,4,94,36803,Mammal
67,6,61,36803,Reptile
101,35,66,36803,fw_fish
25,1,24,36804,Amphibian
310,34,276,36804,Bird
106,4,102,36804,Mammal
64,6,58,36804,Reptile
101,35,66,36804,fw_fish
26,2,24,36805,Amphibian
328,45,283,36805,Bird
103,4,99,36805,Mammal
63,6,57,36805,Reptile
80,26,54,36805,fw_fish
25,1,24,36806,Amphibian
324,42,282,36806,Bird
111,6,105,36806,Mammal
71,7,64,36806,Reptile
101,35,66,36806,fw_fish
26,1,25,36807,Amphibian
341,49,292,36807,Bird
113,7,106,36807,Mammal
72,7,65,36807,Reptile
101,35,66,36807,fw_fish
26,1,25,36808,Amphibian
342,50,292,36808,Bird
108,5,103,36808,Mammal
66,6,60,36808,Reptile
80,26,54,36808,fw_fish
27,1,26,36809,Amphibian
328,49,279,36809,Bird
109,7,102,36809,Mammal
70,7,63,36809,Reptile
101,35,66,36809,fw_fish
26,1,25,36810,Amphibian
323,43,280,36810,Bird
109,7,102,36810,Mammal
69,7,62,36810,Reptile
101,35,66,36810,fw_fish
31,1,30,36811,Amphibian
354,58,296,36811,Bird
113,6,107,36811,Mammal
72,8,64,36811,Reptile
101,35,66,36811,fw_fish
31,1,30,36812,Amphibian
347,55,292,36812,Bird
113,7,106,36812,Mammal
70,7,63,36812,Reptile
101,35,66,36812,fw_fish
31,1,30,36813,Amphibian
368,68,300,36813,Bird
111,8,103,36813,Mammal
69,7,62,36813,Reptile
84,28,56,36813,fw_fish
31,1,30,36814,Amphibian
366,65,301,36814,Bird
113,8,105,36814,Mammal
69,7,62,36814,Reptile
84,28,56,36814,fw_fish
26,1,25,36815,Amphibian
339,54,285,36815,Bird
106,5,101,36815,Mammal
64,6,58,36815,Reptile
80,26,54,36815,fw_fish
27,0,27,36816,Amphibian
357,63,294,36816,Bird
112,6,106,36816,Mammal
71,7,64,36816,Reptile
106,37,69,36816,fw_fish
33,0,33,36817,Amphibian
394,80,314,36817,Bird
111,9,102,36817,Mammal
72,7,65,36817,Reptile
85,28,57,36817,fw_fish
34,1,33,36818,Amphibian
393,83,310,36818,Bird
110,9,101,36818,Mammal
72,8,64,36818,Reptile
86,28,58,36818,fw_fish
34,1,33,36819,Amphibian
388,83,305,36819,Bird
110,9,101,36819,Mammal
69,8,61,36819,Reptile
86,28,58,36819,fw_fish
38,3,35,36820,Amphibian
406,95,311,36820,Bird
115,10,105,36820,Mammal
73,10,63,36820,Reptile
86,28,58,36820,fw_fish
26,1,25,36822,Amphibian
330,51,279,36822,Bird
105,5,100,36822,Mammal
63,6,57,36822,Reptile
102,33,69,36822,fw_fish
25,2,23,36823,Amphibian
331,52,279,36823,Bird
99,4,95,36823,Mammal
58,5,53,36823,Reptile
102,33,69,36823,fw_fish
23,2,21,36824,Amphibian
329,50,279,36824,Bird
99,4,95,36824,Mammal
58,4,54,36824,Reptile
24,7,17,36824,fw_fish
25,1,24,36826,Amphibian
343,62,281,36826,Bird
99,4,95,36826,Mammal
57,6,51,36826,Reptile
28,8,20,36826,fw_fish
25,2,23,36827,Amphibian
337,58,279,36827,Bird
101,4,97,36827,Mammal
56,5,51,36827,Reptile
28,8,20,36827,fw_fish
25,1,24,36828,Amphibian
331,58,273,36828,Bird
98,5,93,36828,Mammal
57,5,52,36828,Reptile
60,19,41,36828,fw_fish
24,1,23,36829,Amphibian
328,56,272,36829,Bird
99,5,94,36829,Mammal
57,5,52,36829,Reptile
60,19,41,36829,fw_fish
25,1,24,36830,Amphibian
332,58,274,36830,Bird
99,5,94,36830,Mammal
58,5,53,36830,Reptile
60,19,41,36830,fw_fish
27,1,26,36831,Amphibian
336,61,275,36831,Bird
99,5,94,36831,Mammal
58,5,53,36831,Reptile
60,19,41,36831,fw_fish
28,1,27,36832,Amphibian
351,67,284,36832,Bird
99,6,93,36832,Mammal
59,6,53,36832,Reptile
88,29,59,36832,fw_fish
31,1,30,36833,Amphibian
352,66,286,36833,Bird
102,7,95,36833,Mammal
59,6,53,36833,Reptile
86,28,58,36833,fw_fish
30,1,29,36834,Amphibian
359,73,286,36834,Bird
102,7,95,36834,Mammal
62,8,54,36834,Reptile
60,19,41,36834,fw_fish
26,2,24,36835,Amphibian
334,57,277,36835,Bird
101,4,97,36835,Mammal
58,5,53,36835,Reptile
24,7,17,36835,fw_fish
24,1,23,36836,Amphibian
338,64,274,36836,Bird
99,4,95,36836,Mammal
57,5,52,36836,Reptile
24,7,17,36836,fw_fish
23,1,22,36837,Amphibian
339,64,275,36837,Bird
100,4,96,36837,Mammal
57,5,52,36837,Reptile
24,7,17,36837,fw_fish
23,1,22,36838,Amphibian
342,68,274,36838,Bird
97,4,93,36838,Mammal
56,5,51,36838,Reptile
43,12,31,36838,fw_fish
29,1,28,36840,Amphibian
367,85,282,36840,Bird
99,8,91,36840,Mammal
59,9,50,36840,Reptile
28,8,20,36840,fw_fish
29,1,28,36841,Amphibian
367,85,282,36841,Bird
98,8,90,36841,Mammal
61,8,53,36841,Reptile
28,8,20,36841,fw_fish
33,2,31,36842,Amphibian
370,88,282,36842,Bird
99,9,90,36842,Mammal
63,10,53,36842,Reptile
60,19,41,36842,fw_fish
23,2,21,36843,Amphibian
331,54,277,36843,Bird
103,4,99,36843,Mammal
58,5,53,36843,Reptile
24,7,17,36843,fw_fish
22,3,19,36844,Amphibian
348,41,307,36844,Bird
94,3,91,36844,Mammal
62,5,57,36844,Reptile
70,22,48,36844,fw_fish
22,3,19,36845,Amphibian
345,38,307,36845,Bird
92,3,89,36845,Mammal
60,5,55,36845,Reptile
73,23,50,36845,fw_fish
22,3,19,36846,Amphibian
348,44,304,36846,Bird
95,3,92,36846,Mammal
62,5,57,36846,Reptile
70,22,48,36846,fw_fish
23,3,20,36847,Amphibian
343,47,296,36847,Bird
89,3,86,36847,Mammal
59,5,54,36847,Reptile
72,22,50,36847,fw_fish
22,3,19,36848,Amphibian
334,46,288,36848,Bird
92,4,88,36848,Mammal
57,5,52,36848,Reptile
64,20,44,36848,fw_fish
22,3,19,36849,Amphibian
332,47,285,36849,Bird
92,4,88,36849,Mammal
56,5,51,36849,Reptile
64,20,44,36849,fw_fish
22,3,19,36850,Amphibian
335,47,288,36850,Bird
92,4,88,36850,Mammal
57,5,52,36850,Reptile
68,21,47,36850,fw_fish
22,3,19,36851,Amphibian
350,40,310,36851,Bird
90,3,87,36851,Mammal
61,5,56,36851,Reptile
74,24,50,36851,fw_fish
22,3,19,36852,Amphibian
347,43,304,36852,Bird
91,3,88,36852,Mammal
62,5,57,36852,Reptile
74,24,50,36852,fw_fish
22,3,19,36853,Amphibian
343,44,299,36853,Bird
87,3,84,36853,Mammal
58,5,53,36853,Reptile
76,24,52,36853,fw_fish
22,3,19,36854,Amphibian
342,40,302,36854,Bird
84,3,81,36854,Mammal
62,5,57,36854,Reptile
62,21,41,36854,fw_fish
22,3,19,36855,Amphibian
341,36,305,36855,Bird
80,3,77,36855,Mammal
60,5,55,36855,Reptile
62,21,41,36855,fw_fish
23,3,20,36856,Amphibian
339,41,298,36856,Bird
85,3,82,36856,Mammal
62,5,57,36856,Reptile
86,30,56,36856,fw_fish
23,3,20,36857,Amphibian
338,39,299,36857,Bird
86,3,83,36857,Mammal
58,5,53,36857,Reptile
78,27,51,36857,fw_fish
22,3,19,36858,Amphibian
340,40,300,36858,Bird
84,3,81,36858,Mammal
57,5,52,36858,Reptile
78,27,51,36858,fw_fish
24,3,21,36859,Amphibian
345,50,295,36859,Bird
88,4,84,36859,Mammal
59,5,54,36859,Reptile
78,27,51,36859,fw_fish
24,3,21,36860,Amphibian
373,66,307,36860,Bird
90,4,86,36860,Mammal
62,6,56,36860,Reptile
78,27,51,36860,fw_fish
24,3,21,36862,Amphibian
374,69,305,36862,Bird
91,5,86,36862,Mammal
60,6,54,36862,Reptile
81,27,54,36862,fw_fish
24,3,21,36863,Amphibian
346,45,301,36863,Bird
86,3,83,36863,Mammal
57,5,52,36863,Reptile
78,27,51,36863,fw_fish
25,3,22,36864,Amphibian
344,61,283,36864,Bird
89,4,85,36864,Mammal
58,5,53,36864,Reptile
64,18,46,36864,fw_fish
24,2,22,36865,Amphibian
344,68,276,36865,Bird
89,4,85,36865,Mammal
59,5,54,36865,Reptile
64,18,46,36865,fw_fish
24,2,22,36866,Amphibian
345,67,278,36866,Bird
87,4,83,36866,Mammal
59,5,54,36866,Reptile
64,18,46,36866,fw_fish
24,2,22,36867,Amphibian
371,77,294,36867,Bird
98,5,93,36867,Mammal
63,7,56,36867,Reptile
64,18,46,36867,fw_fish
23,3,20,36868,Amphibian
333,40,293,36868,Bird
84,3,81,36868,Mammal
58,5,53,36868,Reptile
81,27,54,36868,fw_fish
23,3,20,36869,Amphibian
340,37,303,36869,Bird
77,3,74,36869,Mammal
59,5,54,36869,Reptile
51,18,33,36869,fw_fish
24,3,21,36870,Amphibian
335,38,297,36870,Bird
78,3,75,36870,Mammal
59,5,54,36870,Reptile
55,20,35,36870,fw_fish
23,3,20,36871,Amphibian
334,38,296,36871,Bird
79,3,76,36871,Mammal
59,5,54,36871,Reptile
61,22,39,36871,fw_fish
23,3,20,36872,Amphibian
331,38,293,36872,Bird
79,3,76,36872,Mammal
60,5,55,36872,Reptile
69,26,43,36872,fw_fish
24,3,21,36873,Amphibian
327,35,292,36873,Bird
80,3,77,36873,Mammal
60,5,55,36873,Reptile
55,20,35,36873,fw_fish
22,3,19,36874,Amphibian
324,37,287,36874,Bird
75,3,72,36874,Mammal
60,5,55,36874,Reptile
61,22,39,36874,fw_fish
23,3,20,36875,Amphibian
319,36,283,36875,Bird
76,3,73,36875,Mammal
59,5,54,36875,Reptile
61,22,39,36875,fw_fish
23,3,20,36876,Amphibian
322,37,285,36876,Bird
75,3,72,36876,Mammal
59,5,54,36876,Reptile
61,22,39,36876,fw_fish
23,3,20,36877,Amphibian
326,36,290,36877,Bird
76,3,73,36877,Mammal
58,5,53,36877,Reptile
63,22,41,36877,fw_fish
23,3,20,36878,Amphibian
338,43,295,36878,Bird
81,3,78,36878,Mammal
57,5,52,36878,Reptile
47,12,35,36878,fw_fish
23,3,20,36879,Amphibian
323,37,286,36879,Bird
81,3,78,36879,Mammal
57,5,52,36879,Reptile
47,12,35,36879,fw_fish
23,3,20,36880,Amphibian
322,36,286,36880,Bird
79,3,76,36880,Mammal
56,5,51,36880,Reptile
47,12,35,36880,fw_fish
23,3,20,36881,Amphibian
319,36,283,36881,Bird
79,3,76,36881,Mammal
56,5,51,36881,Reptile
47,12,35,36881,fw_fish
23,3,20,36882,Amphibian
320,38,282,36882,Bird
76,3,73,36882,Mammal
56,5,51,36882,Reptile
47,12,35,36882,fw_fish
24,3,21,36883,Amphibian
317,37,280,36883,Bird
76,3,73,36883,Mammal
56,5,51,36883,Reptile
47,12,35,36883,fw_fish
23,3,20,36884,Amphibian
316,39,277,36884,Bird
73,3,70,36884,Mammal
56,5,51,36884,Reptile
90,30,60,36884,fw_fish
23,3,20,36885,Amphibian
315,39,276,36885,Bird
72,3,69,36885,Mammal
54,5,49,36885,Reptile
80,25,55,36885,fw_fish
23,3,20,36886,Amphibian
316,37,279,36886,Bird
75,3,72,36886,Mammal
59,5,54,36886,Reptile
92,30,62,36886,fw_fish
25,3,22,36887,Amphibian
319,39,280,36887,Bird
72,3,69,36887,Mammal
56,5,51,36887,Reptile
47,12,35,36887,fw_fish
25,3,22,36888,Amphibian
319,39,280,36888,Bird
72,3,69,36888,Mammal
56,5,51,36888,Reptile
47,12,35,36888,fw_fish
23,3,20,36889,Amphibian
322,36,286,36889,Bird
74,3,71,36889,Mammal
57,5,52,36889,Reptile
47,16,31,36889,fw_fish
24,3,21,36890,Amphibian
315,32,283,36890,Bird
75,3,72,36890,Mammal
58,6,52,36890,Reptile
52,16,36,36890,fw_fish
24,3,21,36891,Amphibian
318,34,284,36891,Bird
79,3,76,36891,Mammal
58,5,53,36891,Reptile
53,17,36,36891,fw_fish
24,3,21,36892,Amphibian
320,34,286,36892,Bird
78,4,74,36892,Mammal
56,6,50,36892,Reptile
44,14,30,36892,fw_fish
21,2,19,36893,Amphibian
322,36,286,36893,Bird
75,3,72,36893,Mammal
54,6,48,36893,Reptile
44,14,30,36893,fw_fish
23,3,20,36894,Amphibian
317,37,280,36894,Bird
73,3,70,36894,Mammal
59,5,54,36894,Reptile
47,16,31,36894,fw_fish
23,3,20,36895,Amphibian
317,39,278,36895,Bird
74,3,71,36895,Mammal
58,5,53,36895,Reptile
47,16,31,36895,fw_fish
23,3,20,36896,Amphibian
314,40,274,36896,Bird
70,3,67,36896,Mammal
57,5,52,36896,Reptile
47,16,31,36896,fw_fish
24,3,21,36897,Amphibian
328,44,284,36897,Bird
68,3,65,36897,Mammal
58,6,52,36897,Reptile
47,16,31,36897,fw_fish
22,3,19,36898,Amphibian
331,42,289,36898,Bird
72,3,69,36898,Mammal
59,7,52,36898,Reptile
58,20,38,36898,fw_fish
20,2,18,36899,Amphibian
370,60,310,36899,Bird
84,7,77,36899,Mammal
57,5,52,36899,Reptile
44,14,30,36899,fw_fish
20,2,18,36900,Amphibian
372,57,315,36900,Bird
90,7,83,36900,Mammal
58,6,52,36900,Reptile
44,14,30,36900,fw_fish
22,2,20,36901,Amphibian
322,32,290,36901,Bird
87,5,82,36901,Mammal
49,4,45,36901,Reptile
44,14,30,36901,fw_fish
20,2,18,36902,Amphibian
372,55,317,36902,Bird
91,7,84,36902,Mammal
55,5,50,36902,Reptile
44,14,30,36902,fw_fish
20,2,18,36903,Amphibian
381,53,328,36903,Bird
92,6,86,36903,Mammal
52,5,47,36903,Reptile
45,15,30,36903,fw_fish
20,2,18,36904,Amphibian
386,55,331,36904,Bird
94,6,88,36904,Mammal
51,5,46,36904,Reptile
45,15,30,36904,fw_fish
20,2,18,36907,Amphibian
372,53,319,36907,Bird
96,7,89,36907,Mammal
50,5,45,36907,Reptile
51,17,34,36907,fw_fish
20,1,19,36908,Amphibian
379,53,326,36908,Bird
93,7,86,36908,Mammal
49,6,43,36908,Reptile
44,14,30,36908,fw_fish
20,1,19,36909,Amphibian
377,51,326,36909,Bird
94,8,86,36909,Mammal
47,6,41,36909,Reptile
44,14,30,36909,fw_fish
19,1,18,36910,Amphibian
383,53,330,36910,Bird
93,7,86,36910,Mammal
50,5,45,36910,Reptile
48,16,32,36910,fw_fish
20,1,19,36911,Amphibian
381,52,329,36911,Bird
96,8,88,36911,Mammal
49,5,44,36911,Reptile
44,14,30,36911,fw_fish
22,1,21,36912,Amphibian
371,50,321,36912,Bird
94,8,86,36912,Mammal
51,7,44,36912,Reptile
44,14,30,36912,fw_fish
23,1,22,36913,Amphibian
359,44,315,36913,Bird
96,9,87,36913,Mammal
50,7,43,36913,Reptile
44,14,30,36913,fw_fish
25,3,22,36914,Amphibian
321,42,279,36914,Bird
72,3,69,36914,Mammal
59,5,54,36914,Reptile
47,12,35,36914,fw_fish
25,3,22,36915,Amphibian
329,46,283,36915,Bird
73,4,69,36915,Mammal
58,5,53,36915,Reptile
47,12,35,36915,fw_fish
24,3,21,36916,Amphibian
334,49,285,36916,Bird
73,4,69,36916,Mammal
61,6,55,36916,Reptile
47,16,31,36916,fw_fish
23,3,20,36917,Amphibian
336,51,285,36917,Bird
82,4,78,36917,Mammal
61,6,55,36917,Reptile
47,16,31,36917,fw_fish
27,1,26,36919,Amphibian
415,100,315,36919,Bird
104,12,92,36919,Mammal
75,13,62,36919,Reptile
54,17,37,36919,fw_fish
23,2,21,36921,Amphibian
348,68,280,36921,Bird
77,6,71,36921,Mammal
54,6,48,36921,Reptile
59,17,42,36921,fw_fish
25,3,22,36922,Amphibian
345,67,278,36922,Bird
77,6,71,36922,Mammal
54,6,48,36922,Reptile
55,14,41,36922,fw_fish
24,2,22,36923,Amphibian
339,72,267,36923,Bird
78,7,71,36923,Mammal
55,6,49,36923,Reptile
55,14,41,36923,fw_fish
24,2,22,36924,Amphibian
337,72,265,36924,Bird
81,7,74,36924,Mammal
55,6,49,36924,Reptile
55,14,41,36924,fw_fish
25,2,23,36925,Amphibian
342,77,265,36925,Bird
78,8,70,36925,Mammal
57,9,48,36925,Reptile
47,12,35,36925,fw_fish
26,3,23,36926,Amphibian
338,49,289,36926,Bird
74,4,70,36926,Mammal
59,5,54,36926,Reptile
47,12,35,36926,fw_fish
25,3,22,36927,Amphibian
330,44,286,36927,Bird
73,3,70,36927,Mammal
56,5,51,36927,Reptile
47,12,35,36927,fw_fish
27,2,25,36928,Amphibian
362,81,281,36928,Bird
96,7,89,36928,Mammal
60,6,54,36928,Reptile
67,18,49,36928,fw_fish
25,2,23,36929,Amphibian
357,79,278,36929,Bird
93,5,88,36929,Mammal
59,6,53,36929,Reptile
64,18,46,36929,fw_fish
24,2,22,36930,Amphibian
347,80,267,36930,Bird
90,5,85,36930,Mammal
59,7,52,36930,Reptile
64,18,46,36930,fw_fish
23,2,21,36931,Amphibian
347,79,268,36931,Bird
92,5,87,36931,Mammal
58,7,51,36931,Reptile
64,18,46,36931,fw_fish
25,2,23,36933,Amphibian
356,80,276,36933,Bird
91,5,86,36933,Mammal
59,7,52,36933,Reptile
64,18,46,36933,fw_fish
25,2,23,36934,Amphibian
366,77,289,36934,Bird
87,6,81,36934,Mammal
59,7,52,36934,Reptile
78,27,51,36934,fw_fish
23,3,20,36935,Amphibian
340,62,278,36935,Bird
82,5,77,36935,Mammal
59,6,53,36935,Reptile
55,15,40,36935,fw_fish
29,2,27,36936,Amphibian
340,85,255,36936,Bird
88,7,81,36936,Mammal
60,9,51,36936,Reptile
60,20,40,36936,fw_fish
27,2,25,36937,Amphibian
339,85,254,36937,Bird
88,8,80,36937,Mammal
61,10,51,36937,Reptile
60,20,40,36937,fw_fish
30,3,27,36939,Amphibian
341,85,256,36939,Bird
88,8,80,36939,Mammal
59,8,51,36939,Reptile
60,20,40,36939,fw_fish
27,3,24,36940,Amphibian
341,81,260,36940,Bird
90,8,82,36940,Mammal
61,8,53,36940,Reptile
64,18,46,36940,fw_fish
27,3,24,36941,Amphibian
345,82,263,36941,Bird
90,8,82,36941,Mammal
61,8,53,36941,Reptile
64,18,46,36941,fw_fish
27,3,24,36942,Amphibian
345,81,264,36942,Bird
89,8,81,36942,Mammal
61,8,53,36942,Reptile
64,18,46,36942,fw_fish
28,3,25,36943,Amphibian
360,83,277,36943,Bird
95,7,88,36943,Mammal
62,8,54,36943,Reptile
65,19,46,36943,fw_fish
26,3,23,36944,Amphibian
343,80,263,36944,Bird
88,7,81,36944,Mammal
61,8,53,36944,Reptile
64,18,46,36944,fw_fish
22,2,20,36945,Amphibian
349,67,282,36945,Bird
81,5,76,36945,Mammal
57,6,51,36945,Reptile
78,27,51,36945,fw_fish
25,2,23,36946,Amphibian
367,77,290,36946,Bird
87,6,81,36946,Mammal
57,6,51,36946,Reptile
78,27,51,36946,fw_fish
33,3,30,36947,Amphibian
343,90,253,36947,Bird
90,8,82,36947,Mammal
62,10,52,36947,Reptile
60,20,40,36947,fw_fish
29,3,26,36948,Amphibian
344,85,259,36948,Bird
87,8,79,36948,Mammal
60,8,52,36948,Reptile
64,18,46,36948,fw_fish
28,3,25,36949,Amphibian
346,87,259,36949,Bird
90,7,83,36949,Mammal
61,8,53,36949,Reptile
157,56,101,36949,fw_fish
29,3,26,36950,Amphibian
344,82,262,36950,Bird
86,8,78,36950,Mammal
61,7,54,36950,Reptile
64,18,46,36950,fw_fish
27,3,24,36951,Amphibian
342,83,259,36951,Bird
85,7,78,36951,Mammal
62,8,54,36951,Reptile
78,27,51,36951,fw_fish
27,3,24,36952,Amphibian
346,81,265,36952,Bird
87,7,80,36952,Mammal
61,7,54,36952,Reptile
78,27,51,36952,fw_fish
25,3,22,36953,Amphibian
338,80,258,36953,Bird
88,8,80,36953,Mammal
59,7,52,36953,Reptile
78,27,51,36953,fw_fish
25,3,22,36954,Amphibian
338,80,258,36954,Bird
87,9,78,36954,Mammal
59,7,52,36954,Reptile
78,27,51,36954,fw_fish
25,3,22,36955,Amphibian
341,77,264,36955,Bird
88,8,80,36955,Mammal
58,7,51,36955,Reptile
78,27,51,36955,fw_fish
25,3,22,36956,Amphibian
340,77,263,36956,Bird
88,8,80,36956,Mammal
58,7,51,36956,Reptile
78,27,51,36956,fw_fish
25,3,22,36957,Amphibian
343,77,266,36957,Bird
85,7,78,36957,Mammal
57,6,51,36957,Reptile
78,27,51,36957,fw_fish
33,3,30,36958,Amphibian
349,89,260,36958,Bird
87,8,79,36958,Mammal
67,11,56,36958,Reptile
74,24,50,36958,fw_fish
28,3,25,36959,Amphibian
340,86,254,36959,Bird
87,8,79,36959,Mammal
63,10,53,36959,Reptile
154,55,99,36959,fw_fish
27,3,24,36960,Amphibian
340,85,255,36960,Bird
88,8,80,36960,Mammal
61,9,52,36960,Reptile
154,55,99,36960,fw_fish
27,3,24,36961,Amphibian
347,87,260,36961,Bird
87,8,79,36961,Mammal
65,11,54,36961,Reptile
153,54,99,36961,fw_fish
26,3,23,36962,Amphibian
339,82,257,36962,Bird
84,8,76,36962,Mammal
63,9,54,36962,Reptile
169,64,105,36962,fw_fish
26,3,23,36963,Amphibian
339,82,257,36963,Bird
84,8,76,36963,Mammal
63,9,54,36963,Reptile
160,59,101,36963,fw_fish
26,3,23,36964,Amphibian
339,82,257,36964,Bird
87,9,78,36964,Mammal
59,7,52,36964,Reptile
78,27,51,36964,fw_fish
27,3,24,36965,Amphibian
342,82,260,36965,Bird
87,9,78,36965,Mammal
61,7,54,36965,Reptile
78,27,51,36965,fw_fish
25,3,22,36966,Amphibian
338,81,257,36966,Bird
83,8,75,36966,Mammal
59,7,52,36966,Reptile
78,27,51,36966,fw_fish
25,3,22,36967,Amphibian
341,81,260,36967,Bird
84,8,76,36967,Mammal
59,7,52,36967,Reptile
78,27,51,36967,fw_fish
25,3,22,36968,Amphibian
342,81,261,36968,Bird
83,8,75,36968,Mammal
57,7,50,36968,Reptile
78,27,51,36968,fw_fish
27,3,24,36969,Amphibian
343,82,261,36969,Bird
82,9,73,36969,Mammal
57,7,50,36969,Reptile
78,27,51,36969,fw_fish
37,3,34,36971,Amphibian
384,94,290,36971,Bird
106,10,96,36971,Mammal
70,11,59,36971,Reptile
88,29,59,36971,fw_fish
31,2,29,36972,Amphibian
361,93,268,36972,Bird
93,9,84,36972,Mammal
68,12,56,36972,Reptile
64,18,46,36972,fw_fish
31,2,29,36973,Amphibian
360,95,265,36973,Bird
88,9,79,36973,Mammal
66,11,55,36973,Reptile
64,19,45,36973,fw_fish
33,2,31,36974,Amphibian
361,91,270,36974,Bird
97,9,88,36974,Mammal
62,11,51,36974,Reptile
64,19,45,36974,fw_fish
35,3,32,36975,Amphibian
368,92,276,36975,Bird
99,9,90,36975,Mammal
64,11,53,36975,Reptile
64,19,45,36975,fw_fish
36,3,33,36976,Amphibian
373,92,281,36976,Bird
103,9,94,36976,Mammal
65,10,55,36976,Reptile
64,19,45,36976,fw_fish
36,3,33,36977,Amphibian
382,91,291,36977,Bird
102,10,92,36977,Mammal
66,10,56,36977,Reptile
60,19,41,36977,fw_fish
37,3,34,36978,Amphibian
380,94,286,36978,Bird
102,9,93,36978,Mammal
66,10,56,36978,Reptile
62,19,43,36978,fw_fish
34,2,32,36979,Amphibian
373,98,275,36979,Bird
98,9,89,36979,Mammal
68,13,55,36979,Reptile
67,22,45,36979,fw_fish
36,3,33,36980,Amphibian
366,92,274,36980,Bird
98,9,89,36980,Mammal
60,10,50,36980,Reptile
67,22,45,36980,fw_fish
26,1,25,36981,Amphibian
352,83,269,36981,Bird
92,7,85,36981,Mammal
56,6,50,36981,Reptile
43,12,31,36981,fw_fish
27,1,26,36982,Amphibian
351,83,268,36982,Bird
93,7,86,36982,Mammal
60,8,52,36982,Reptile
43,12,31,36982,fw_fish
31,2,29,36983,Amphibian
362,91,271,36983,Bird
95,9,86,36983,Mammal
60,10,50,36983,Reptile
44,13,31,36983,fw_fish
34,2,32,36984,Amphibian
359,93,266,36984,Bird
92,8,84,36984,Mammal
59,10,49,36984,Reptile
57,20,37,36984,fw_fish
32,2,30,36986,Amphibian
341,91,250,36986,Bird
88,8,80,36986,Mammal
60,10,50,36986,Reptile
60,20,40,36986,fw_fish
31,2,29,36987,Amphibian
345,90,255,36987,Bird
87,9,78,36987,Mammal
66,12,54,36987,Reptile
60,20,40,36987,fw_fish
33,2,31,36988,Amphibian
352,91,261,36988,Bird
92,9,83,36988,Mammal
67,12,55,36988,Reptile
63,21,42,36988,fw_fish
32,2,30,36989,Amphibian
357,95,262,36989,Bird
87,9,78,36989,Mammal
69,12,57,36989,Reptile
63,21,42,36989,fw_fish
27,0,27,36990,Amphibian
372,70,302,36990,Bird
104,7,97,36990,Mammal
75,6,69,36990,Reptile
80,24,56,36990,fw_fish
34,2,32,36991,Amphibian
388,87,301,36991,Bird
96,8,88,36991,Mammal
73,8,65,36991,Reptile
117,41,76,36991,fw_fish
32,2,30,36992,Amphibian
377,88,289,36992,Bird
105,9,96,36992,Mammal
67,8,59,36992,Reptile
86,28,58,36992,fw_fish
34,2,32,36993,Amphibian
371,87,284,36993,Bird
101,9,92,36993,Mammal
67,9,58,36993,Reptile
86,28,58,36993,fw_fish
30,2,28,36994,Amphibian
345,89,256,36994,Bird
84,9,75,36994,Mammal
69,12,57,36994,Reptile
151,53,98,36994,fw_fish
30,2,28,36995,Amphibian
343,89,254,36995,Bird
76,7,69,36995,Mammal
70,12,58,36995,Reptile
149,52,97,36995,fw_fish
31,2,29,36996,Amphibian
345,88,257,36996,Bird
85,8,77,36996,Mammal
68,12,56,36996,Reptile
77,24,53,36996,fw_fish
30,4,26,36997,Amphibian
334,85,249,36997,Bird
85,8,77,36997,Mammal
64,11,53,36997,Reptile
153,54,99,36997,fw_fish
30,4,26,36998,Amphibian
345,88,257,36998,Bird
88,10,78,36998,Mammal
67,11,56,36998,Reptile
165,62,103,36998,fw_fish
31,4,27,36999,Amphibian
335,87,248,36999,Bird
83,10,73,36999,Mammal
70,12,58,36999,Reptile
119,42,77,36999,fw_fish
31,3,28,37000,Amphibian
329,85,244,37000,Bird
72,7,65,37000,Mammal
73,13,60,37000,Reptile
160,59,101,37000,fw_fish
33,4,29,37001,Amphibian
343,87,256,37001,Bird
84,12,72,37001,Mammal
74,13,61,37001,Reptile
165,62,103,37001,fw_fish
33,4,29,37002,Amphibian
344,91,253,37002,Bird
76,9,67,37002,Mammal
74,13,61,37002,Reptile
167,62,105,37002,fw_fish
34,4,30,37003,Amphibian
341,90,251,37003,Bird
80,10,70,37003,Mammal
75,13,62,37003,Reptile
159,58,101,37003,fw_fish
29,4,25,37004,Amphibian
337,89,248,37004,Bird
83,10,73,37004,Mammal
70,11,59,37004,Reptile
127,46,81,37004,fw_fish
34,4,30,37005,Amphibian
335,89,246,37005,Bird
81,10,71,37005,Mammal
73,14,59,37005,Reptile
132,47,85,37005,fw_fish
31,4,27,37006,Amphibian
336,86,250,37006,Bird
89,10,79,37006,Mammal
64,10,54,37006,Reptile
132,47,85,37006,fw_fish
29,3,26,37007,Amphibian
338,83,255,37007,Bird
87,11,76,37007,Mammal
58,9,49,37007,Reptile
132,47,85,37007,fw_fish
41,4,37,37009,Amphibian
393,106,287,37009,Bird
111,12,99,37009,Mammal
76,16,60,37009,Reptile
55,18,37,37009,fw_fish
50,5,45,37010,Amphibian
418,116,302,37010,Bird
119,14,105,37010,Mammal
82,17,65,37010,Reptile
94,26,68,37010,fw_fish
40,5,35,37012,Amphibian
362,101,261,37012,Bird
103,13,90,37012,Mammal
73,15,58,37012,Reptile
82,21,61,37012,fw_fish
63,6,57,37013,Amphibian
427,119,308,37013,Bird
123,15,108,37013,Mammal
83,20,63,37013,Reptile
100,30,70,37013,fw_fish
51,6,45,37014,Amphibian
385,112,273,37014,Bird
114,15,99,37014,Mammal
79,18,61,37014,Reptile
82,24,58,37014,fw_fish
36,4,32,37015,Amphibian
343,95,248,37015,Bird
97,13,84,37015,Mammal
72,14,58,37015,Reptile
82,21,61,37015,fw_fish
48,6,42,37016,Amphibian
363,106,257,37016,Bird
105,15,90,37016,Mammal
76,16,60,37016,Reptile
111,36,75,37016,fw_fish
46,6,40,37017,Amphibian
361,106,255,37017,Bird
103,14,89,37017,Mammal
75,16,59,37017,Reptile
82,21,61,37017,fw_fish
35,5,30,37018,Amphibian
338,93,245,37018,Bird
93,13,80,37018,Mammal
72,14,58,37018,Reptile
92,27,65,37018,fw_fish
32,4,28,37019,Amphibian
332,88,244,37019,Bird
90,11,79,37019,Mammal
70,13,57,37019,Reptile
85,23,62,37019,fw_fish
32,4,28,37020,Amphibian
333,88,245,37020,Bird
90,11,79,37020,Mammal
69,12,57,37020,Reptile
85,23,62,37020,fw_fish
34,4,30,37021,Amphibian
345,92,253,37021,Bird
97,13,84,37021,Mammal
69,12,57,37021,Reptile
82,21,61,37021,fw_fish
31,4,27,37022,Amphibian
337,87,250,37022,Bird
89,11,78,37022,Mammal
65,10,55,37022,Reptile
85,23,62,37022,fw_fish
32,4,28,37023,Amphibian
335,87,248,37023,Bird
90,10,80,37023,Mammal
68,12,56,37023,Reptile
85,23,62,37023,fw_fish
32,4,28,37024,Amphibian
338,86,252,37024,Bird
89,11,78,37024,Mammal
64,10,54,37024,Reptile
85,23,62,37024,fw_fish
32,4,28,37025,Amphibian
336,84,252,37025,Bird
89,11,78,37025,Mammal
63,9,54,37025,Reptile
85,23,62,37025,fw_fish
29,3,26,37026,Amphibian
341,84,257,37026,Bird
87,11,76,37026,Mammal
56,9,47,37026,Reptile
55,15,40,37026,fw_fish
34,4,30,37027,Amphibian
357,97,260,37027,Bird
94,13,81,37027,Mammal
76,15,61,37027,Reptile
109,33,76,37027,fw_fish
32,4,28,37028,Amphibian
335,92,243,37028,Bird
82,10,72,37028,Mammal
73,14,59,37028,Reptile
131,47,84,37028,fw_fish
31,3,28,37029,Amphibian
326,84,242,37029,Bird
73,8,65,37029,Mammal
73,13,60,37029,Reptile
160,59,101,37029,fw_fish
30,3,27,37030,Amphibian
332,87,245,37030,Bird
76,10,66,37030,Mammal
74,13,61,37030,Reptile
119,42,77,37030,fw_fish
29,3,26,37031,Amphibian
330,89,241,37031,Bird
75,9,66,37031,Mammal
73,13,60,37031,Reptile
169,62,107,37031,fw_fish
29,3,26,37032,Amphibian
327,87,240,37032,Bird
75,10,65,37032,Mammal
73,13,60,37032,Reptile
162,59,103,37032,fw_fish
34,5,29,37033,Amphibian
334,90,244,37033,Bird
81,10,71,37033,Mammal
73,14,59,37033,Reptile
131,47,84,37033,fw_fish
28,2,26,37034,Amphibian
326,86,240,37034,Bird
71,7,64,37034,Mammal
71,12,59,37034,Reptile
159,56,103,37034,fw_fish
28,2,26,37035,Amphibian
326,85,241,37035,Bird
71,7,64,37035,Mammal
71,12,59,37035,Reptile
146,49,97,37035,fw_fish
23,0,23,37036,Amphibian
330,55,275,37036,Bird
104,6,98,37036,Mammal
76,6,70,37036,Reptile
76,23,53,37036,fw_fish
23,0,23,37037,Amphibian
340,60,280,37037,Bird
105,7,98,37037,Mammal
76,5,71,37037,Reptile
76,23,53,37037,fw_fish
24,1,23,37038,Amphibian
311,41,270,37038,Bird
109,8,101,37038,Mammal
70,4,66,37038,Reptile
106,36,70,37038,fw_fish
23,0,23,37039,Amphibian
329,53,276,37039,Bird
110,7,103,37039,Mammal
76,7,69,37039,Reptile
76,23,53,37039,fw_fish
23,0,23,37119,Amphibian
332,43,289,37119,Bird
123,8,115,37119,Mammal
81,7,74,37119,Reptile
54,13,41,37119,fw_fish
28,0,28,37121,Amphibian
371,63,308,37121,Bird
120,7,113,37121,Mammal
96,9,87,37121,Reptile
75,16,59,37121,fw_fish
25,0,25,37122,Amphibian
365,63,302,37122,Bird
113,7,106,37122,Mammal
82,7,75,37122,Reptile
73,16,57,37122,fw_fish
23,0,23,37123,Amphibian
332,49,283,37123,Bird
119,8,111,37123,Mammal
78,5,73,37123,Reptile
86,20,66,37123,fw_fish
24,2,22,37124,Amphibian
330,35,295,37124,Bird
117,7,110,37124,Mammal
79,6,73,37124,Reptile
51,11,40,37124,fw_fish
24,2,22,37125,Amphibian
321,32,289,37125,Bird
115,7,108,37125,Mammal
70,3,67,37125,Reptile
54,13,41,37125,fw_fish
23,0,23,37126,Amphibian
347,55,292,37126,Bird
110,7,103,37126,Mammal
77,5,72,37126,Reptile
85,20,65,37126,fw_fish
32,0,32,37128,Amphibian
360,54,306,37128,Bird
124,9,115,37128,Mammal
98,10,88,37128,Reptile
103,23,80,37128,fw_fish
33,1,32,37129,Amphibian
349,43,306,37129,Bird
138,10,128,37129,Mammal
98,10,88,37129,Reptile
69,15,54,37129,fw_fish
23,0,23,37130,Amphibian
333,45,288,37130,Bird
124,8,116,37130,Mammal
83,7,76,37130,Reptile
56,14,42,37130,fw_fish
31,0,31,37131,Amphibian
362,52,310,37131,Bird
127,10,117,37131,Mammal
97,11,86,37131,Reptile
88,24,64,37131,fw_fish
38,4,34,37132,Amphibian
460,71,389,37132,Bird
149,8,141,37132,Mammal
110,11,99,37132,Reptile
115,30,85,37132,fw_fish
27,4,23,37133,Amphibian
342,27,315,37133,Bird
99,3,96,37133,Mammal
61,3,58,37133,Reptile
64,20,44,37133,fw_fish
23,1,22,37134,Amphibian
326,38,288,37134,Bird
126,9,117,37134,Mammal
75,5,70,37134,Reptile
54,13,41,37134,fw_fish
23,3,20,37136,Amphibian
323,31,292,37136,Bird
112,7,105,37136,Mammal
70,2,68,37136,Reptile
56,15,41,37136,fw_fish
27,4,23,37137,Amphibian
338,30,308,37137,Bird
103,3,100,37137,Mammal
60,2,58,37137,Reptile
56,16,40,37137,fw_fish
23,0,23,37144,Amphibian
354,58,296,37144,Bird
114,7,107,37144,Mammal
78,5,73,37144,Reptile
73,16,57,37144,fw_fish
23,3,20,37146,Amphibian
324,29,295,37146,Bird
110,6,104,37146,Mammal
67,2,65,37146,Reptile
54,15,39,37146,fw_fish
26,0,26,37147,Amphibian
382,67,315,37147,Bird
113,8,105,37147,Mammal
88,9,79,37147,Reptile
76,17,59,37147,fw_fish
26,0,26,37148,Amphibian
365,63,302,37148,Bird
114,7,107,37148,Mammal
84,7,77,37148,Reptile
73,16,57,37148,fw_fish
23,0,23,37149,Amphibian
363,62,301,37149,Bird
98,6,92,37149,Mammal
73,5,68,37149,Reptile
73,16,57,37149,fw_fish
23,3,20,37151,Amphibian
331,30,301,37151,Bird
107,6,101,37151,Mammal
69,2,67,37151,Reptile
64,16,48,37151,fw_fish
23,3,20,37152,Amphibian
324,32,292,37152,Bird
111,6,105,37152,Mammal
70,3,67,37152,Reptile
78,22,56,37152,fw_fish
26,4,22,37153,Amphibian
330,30,300,37153,Bird
106,5,101,37153,Mammal
63,2,61,37153,Reptile
54,15,39,37153,fw_fish
35,0,35,37154,Amphibian
365,61,304,37154,Bird
126,9,117,37154,Mammal
95,9,86,37154,Reptile
103,23,80,37154,fw_fish
26,0,26,37155,Amphibian
372,65,307,37155,Bird
112,7,105,37155,Mammal
85,8,77,37155,Reptile
73,16,57,37155,fw_fish
26,4,22,37156,Amphibian
336,30,306,37156,Bird
104,4,100,37156,Mammal
62,2,60,37156,Reptile
54,15,39,37156,fw_fish
35,0,35,37159,Amphibian
374,62,312,37159,Bird
127,10,117,37159,Mammal
96,9,87,37159,Reptile
96,21,75,37159,fw_fish
26,4,22,37160,Amphibian
337,30,307,37160,Bird
104,4,100,37160,Mammal
62,2,60,37160,Reptile
54,15,39,37160,fw_fish
28,4,24,37164,Amphibian
340,31,309,37164,Bird
102,3,99,37164,Mammal
60,3,57,37164,Reptile
51,15,36,37164,fw_fish
23,0,23,37169,Amphibian
341,56,285,37169,Bird
95,7,88,37169,Mammal
72,5,67,37169,Reptile
85,20,65,37169,fw_fish
26,4,22,37170,Amphibian
339,29,310,37170,Bird
104,6,98,37170,Mammal
64,2,62,37170,Reptile
68,20,48,37170,fw_fish
27,4,23,37172,Amphibian
332,30,302,37172,Bird
103,3,100,37172,Mammal
60,2,58,37172,Reptile
51,15,36,37172,fw_fish
26,4,22,37173,Amphibian
331,30,301,37173,Bird
102,3,99,37173,Mammal
62,2,60,37173,Reptile
51,15,36,37173,fw_fish
24,2,22,37176,Amphibian
328,36,292,37176,Bird
117,7,110,37176,Mammal
77,4,73,37176,Reptile
51,11,40,37176,fw_fish
23,0,23,37179,Amphibian
336,52,284,37179,Bird
117,8,109,37179,Mammal
79,5,74,37179,Reptile
86,20,66,37179,fw_fish
25,2,23,37180,Amphibian
333,38,295,37180,Bird
123,8,115,37180,Mammal
82,8,74,37180,Reptile
51,11,40,37180,fw_fish
23,0,23,37181,Amphibian
338,52,286,37181,Bird
111,7,104,37181,Mammal
76,5,71,37181,Reptile
85,20,65,37181,fw_fish
23,0,23,37182,Amphibian
336,51,285,37182,Bird
110,7,103,37182,Mammal
77,6,71,37182,Reptile
85,20,65,37182,fw_fish
33,4,29,39873,Amphibian
343,87,256,39873,Bird
84,12,72,39873,Mammal
74,13,61,39873,Reptile
165,62,103,39873,fw_fish
40,0,40,40672,Amphibian
371,96,275,40672,Bird
139,15,124,40672,Mammal
79,10,69,40672,Reptile
82,14,68,40672,fw_fish
42,0,42,40673,Amphibian
359,92,267,40673,Bird
138,15,123,40673,Mammal
74,9,65,40673,Reptile
82,14,68,40673,fw_fish
42,1,41,40674,Amphibian
371,95,276,40674,Bird
143,15,128,40674,Mammal
75,8,67,40674,Reptile
82,14,68,40674,fw_fish
42,1,41,40675,Amphibian
362,95,267,40675,Bird
141,15,126,40675,Mammal
74,9,65,40675,Reptile
82,14,68,40675,fw_fish
43,1,42,40676,Amphibian
374,97,277,40676,Bird
140,15,125,40676,Mammal
80,10,70,40676,Reptile
82,14,68,40676,fw_fish
38,0,38,40677,Amphibian
355,94,261,40677,Bird
133,15,118,40677,Mammal
78,10,68,40677,Reptile
82,14,68,40677,fw_fish
50,2,48,40678,Amphibian
400,99,301,40678,Bird
146,15,131,40678,Mammal
89,12,77,40678,Reptile
103,16,87,40678,fw_fish
41,0,41,40679,Amphibian
367,91,276,40679,Bird
140,14,126,40679,Mammal
71,8,63,40679,Reptile
82,14,68,40679,fw_fish
39,0,39,40680,Amphibian
369,96,273,40680,Bird
136,15,121,40680,Mammal
80,10,70,40680,Reptile
82,14,68,40680,fw_fish
40,0,40,40682,Amphibian
372,96,276,40682,Bird
136,15,121,40682,Mammal
81,10,71,40682,Reptile
82,14,68,40682,fw_fish
41,0,41,40683,Amphibian
373,97,276,40683,Bird
138,15,123,40683,Mammal
83,11,72,40683,Reptile
82,14,68,40683,fw_fish
41,1,40,40684,Amphibian
373,97,276,40684,Bird
141,15,126,40684,Mammal
77,10,67,40684,Reptile
82,14,68,40684,fw_fish
40,0,40,40685,Amphibian
360,93,267,40685,Bird
136,15,121,40685,Mammal
77,10,67,40685,Reptile
82,14,68,40685,fw_fish
40,0,40,40686,Amphibian
372,97,275,40686,Bird
139,15,124,40686,Mammal
80,10,70,40686,Reptile
82,14,68,40686,fw_fish
40,0,40,40687,Amphibian
373,96,277,40687,Bird
138,15,123,40687,Mammal
81,10,71,40687,Reptile
82,14,68,40687,fw_fish
43,1,42,40688,Amphibian
364,96,268,40688,Bird
139,15,124,40688,Mammal
73,9,64,40688,Reptile
82,14,68,40688,fw_fish
39,0,39,40689,Amphibian
354,94,260,40689,Bird
133,15,118,40689,Mammal
78,10,68,40689,Reptile
82,14,68,40689,fw_fish
39,0,39,40690,Amphibian
360,95,265,40690,Bird
134,15,119,40690,Mammal
78,10,68,40690,Reptile
82,14,68,40690,fw_fish
38,1,37,40691,Amphibian
377,96,281,40691,Bird
128,14,114,40691,Mammal
85,12,73,40691,Reptile
55,7,48,40691,fw_fish
36,1,35,40698,Amphibian
379,97,282,40698,Bird
126,14,112,40698,Mammal
85,12,73,40698,Reptile
55,7,48,40698,fw_fish
40,1,39,40699,Amphibian
384,97,287,40699,Bird
129,15,114,40699,Mammal
86,12,74,40699,Reptile
91,16,75,40699,fw_fish
36,1,35,40700,Amphibian
381,98,283,40700,Bird
122,12,110,40700,Mammal
87,12,75,40700,Reptile
55,7,48,40700,fw_fish
40,1,39,40730,Amphibian
372,96,276,40730,Bird
135,15,120,40730,Mammal
86,11,75,40730,Reptile
86,14,72,40730,fw_fish
34,1,33,40731,Amphibian
368,94,274,40731,Bird
121,13,108,40731,Mammal
84,12,72,40731,Reptile
51,5,46,40731,fw_fish
37,1,36,40734,Amphibian
379,96,283,40734,Bird
132,15,117,40734,Mammal
86,12,74,40734,Reptile
91,16,75,40734,fw_fish
40,1,39,40735,Amphibian
365,95,270,40735,Bird
131,15,116,40735,Mammal
81,11,70,40735,Reptile
82,14,68,40735,fw_fish
32,0,32,40737,Amphibian
391,90,301,40737,Bird
128,11,117,40737,Mammal
87,12,75,40737,Reptile
53,6,47,40737,fw_fish
39,1,38,40739,Amphibian
382,99,283,40739,Bird
127,15,112,40739,Mammal
85,13,72,40739,Reptile
87,14,73,40739,fw_fish
37,1,36,40740,Amphibian
379,97,282,40740,Bird
127,14,113,40740,Mammal
87,12,75,40740,Reptile
55,7,48,40740,fw_fish
37,1,36,40741,Amphibian
380,97,283,40741,Bird
132,15,117,40741,Mammal
87,12,75,40741,Reptile
55,7,48,40741,fw_fish
33,0,33,40747,Amphibian
333,69,264,40747,Bird
136,11,125,40747,Mammal
70,6,64,40747,Reptile
75,10,65,40747,fw_fish
31,0,31,40748,Amphibian
340,73,267,40748,Bird
134,11,123,40748,Mammal
68,6,62,40748,Reptile
73,10,63,40748,fw_fish
32,0,32,40749,Amphibian
340,72,268,40749,Bird
138,10,128,40749,Mammal
72,7,65,40749,Reptile
86,11,75,40749,fw_fish
31,0,31,40752,Amphibian
354,80,274,40752,Bird
143,12,131,40752,Mammal
75,7,68,40752,Reptile
86,11,75,40752,fw_fish
32,0,32,40753,Amphibian
348,82,266,40753,Bird
145,12,133,40753,Mammal
71,6,65,40753,Reptile
86,11,75,40753,fw_fish
35,0,35,40754,Amphibian
361,90,271,40754,Bird
143,14,129,40754,Mammal
71,7,64,40754,Reptile
86,11,75,40754,fw_fish
33,0,33,40755,Amphibian
348,76,272,40755,Bird
137,11,126,40755,Mammal
70,7,63,40755,Reptile
75,10,65,40755,fw_fish
37,0,37,40756,Amphibian
363,87,276,40756,Bird
145,13,132,40756,Mammal
72,7,65,40756,Reptile
75,10,65,40756,fw_fish
30,0,30,40757,Amphibian
341,79,262,40757,Bird
141,12,129,40757,Mammal
72,7,65,40757,Reptile
75,10,65,40757,fw_fish
29,0,29,40758,Amphibian
342,75,267,40758,Bird
141,10,131,40758,Mammal
70,7,63,40758,Reptile
83,9,74,40758,fw_fish
29,1,28,40759,Amphibian
338,63,275,40759,Bird
138,10,128,40759,Mammal
68,5,63,40759,Reptile
89,11,78,40759,fw_fish
36,0,36,40760,Amphibian
357,85,272,40760,Bird
147,13,134,40760,Mammal
72,7,65,40760,Reptile
79,9,70,40760,fw_fish
39,0,39,40762,Amphibian
365,89,276,40762,Bird
142,14,128,40762,Mammal
69,8,61,40762,Reptile
82,14,68,40762,fw_fish
38,0,38,40764,Amphibian
385,93,292,40764,Bird
146,14,132,40764,Mammal
77,8,69,40764,Reptile
98,16,82,40764,fw_fish
33,0,33,40765,Amphibian
357,81,276,40765,Bird
137,11,126,40765,Mammal
68,7,61,40765,Reptile
96,16,80,40765,fw_fish
32,0,32,40766,Amphibian
347,70,277,40766,Bird
138,11,127,40766,Mammal
68,7,61,40766,Reptile
59,11,48,40766,fw_fish
24,0,24,40767,Amphibian
338,60,278,40767,Bird
140,10,130,40767,Mammal
65,6,59,40767,Reptile
59,11,48,40767,fw_fish
46,0,46,40768,Amphibian
466,101,365,40768,Bird
166,15,151,40768,Mammal
109,14,95,40768,Reptile
122,27,95,40768,fw_fish
29,0,29,40769,Amphibian
336,61,275,40769,Bird
133,10,123,40769,Mammal
64,5,59,40769,Reptile
111,24,87,40769,fw_fish
26,0,26,40770,Amphibian
335,59,276,40770,Bird
137,10,127,40770,Mammal
63,4,59,40770,Reptile
111,24,87,40770,fw_fish
30,0,30,40771,Amphibian
339,69,270,40771,Bird
133,11,122,40771,Mammal
68,7,61,40771,Reptile
82,14,68,40771,fw_fish
31,0,31,40772,Amphibian
341,70,271,40772,Bird
132,11,121,40772,Mammal
69,7,62,40772,Reptile
96,16,80,40772,fw_fish
27,0,27,40773,Amphibian
345,61,284,40773,Bird
138,10,128,40773,Mammal
67,6,61,40773,Reptile
75,20,55,40773,fw_fish
30,0,30,40774,Amphibian
350,71,279,40774,Bird
141,11,130,40774,Mammal
71,7,64,40774,Reptile
59,11,48,40774,fw_fish
31,0,31,40775,Amphibian
347,71,276,40775,Bird
135,11,124,40775,Mammal
71,7,64,40775,Reptile
82,14,68,40775,fw_fish
33,0,33,40776,Amphibian
347,71,276,40776,Bird
133,11,122,40776,Mammal
65,6,59,40776,Reptile
109,24,85,40776,fw_fish
27,0,27,40777,Amphibian
336,61,275,40777,Bird
136,10,126,40777,Mammal
65,5,60,40777,Reptile
75,10,65,40777,fw_fish
32,0,32,40778,Amphibian
349,75,274,40778,Bird
136,11,125,40778,Mammal
72,7,65,40778,Reptile
108,21,87,40778,fw_fish
32,0,32,40779,Amphibian
357,78,279,40779,Bird
138,11,127,40779,Mammal
72,7,65,40779,Reptile
59,11,48,40779,fw_fish
33,0,33,40780,Amphibian
352,69,283,40780,Bird
134,11,123,40780,Mammal
67,6,61,40780,Reptile
127,28,99,40780,fw_fish
30,0,30,40781,Amphibian
359,76,283,40781,Bird
153,12,141,40781,Mammal
82,6,76,40781,Reptile
59,11,48,40781,fw_fish
35,0,35,40782,Amphibian
385,94,291,40782,Bird
150,14,136,40782,Mammal
84,9,75,40782,Reptile
82,14,68,40782,fw_fish
32,0,32,40783,Amphibian
378,91,287,40783,Bird
150,13,137,40783,Mammal
80,9,71,40783,Reptile
82,14,68,40783,fw_fish
30,0,30,40784,Amphibian
376,90,286,40784,Bird
146,12,134,40784,Mammal
81,9,72,40784,Reptile
82,14,68,40784,fw_fish
30,0,30,40785,Amphibian
355,70,285,40785,Bird
156,12,144,40785,Mammal
83,7,76,40785,Reptile
112,29,83,40785,fw_fish
30,0,30,40786,Amphibian
381,84,297,40786,Bird
156,13,143,40786,Mammal
81,7,74,40786,Reptile
59,11,48,40786,fw_fish
30,0,30,40787,Amphibian
376,90,286,40787,Bird
149,13,136,40787,Mammal
77,7,70,40787,Reptile
108,21,87,40787,fw_fish
34,0,34,40788,Amphibian
420,96,324,40788,Bird
153,13,140,40788,Mammal
94,12,82,40788,Reptile
114,21,93,40788,fw_fish
30,0,30,40789,Amphibian
363,71,292,40789,Bird
151,11,140,40789,Mammal
85,6,79,40789,Reptile
112,29,83,40789,fw_fish
31,0,31,40790,Amphibian
386,87,299,40790,Bird
151,12,139,40790,Mammal
86,9,77,40790,Reptile
59,11,48,40790,fw_fish
30,0,30,40791,Amphibian
379,87,292,40791,Bird
149,12,137,40791,Mammal
81,7,74,40791,Reptile
59,11,48,40791,fw_fish
37,0,37,40792,Amphibian
384,96,288,40792,Bird
145,15,130,40792,Mammal
79,9,70,40792,Reptile
82,14,68,40792,fw_fish
36,0,36,40793,Amphibian
370,93,277,40793,Bird
146,14,132,40793,Mammal
79,9,70,40793,Reptile
82,14,68,40793,fw_fish
37,0,37,40794,Amphibian
374,95,279,40794,Bird
143,14,129,40794,Mammal
79,9,70,40794,Reptile
82,14,68,40794,fw_fish
36,0,36,40795,Amphibian
380,96,284,40795,Bird
143,14,129,40795,Mammal
78,9,69,40795,Reptile
82,14,68,40795,fw_fish
38,1,37,40796,Amphibian
379,97,282,40796,Bird
133,15,118,40796,Mammal
86,12,74,40796,Reptile
90,16,74,40796,fw_fish
38,0,38,40797,Amphibian
373,96,277,40797,Bird
135,15,120,40797,Mammal
81,10,71,40797,Reptile
82,14,68,40797,fw_fish
37,0,37,40798,Amphibian
373,96,277,40798,Bird
134,15,119,40798,Mammal
82,10,72,40798,Reptile
82,14,68,40798,fw_fish
35,0,35,40799,Amphibian
380,97,283,40799,Bird
135,13,122,40799,Mammal
87,12,75,40799,Reptile
91,16,75,40799,fw_fish
35,0,35,40800,Amphibian
377,95,282,40800,Bird
136,13,123,40800,Mammal
86,12,74,40800,Reptile
89,15,74,40800,fw_fish
35,0,35,40803,Amphibian
377,94,283,40803,Bird
148,14,134,40803,Mammal
80,9,71,40803,Reptile
82,14,68,40803,fw_fish
34,0,34,40804,Amphibian
376,93,283,40804,Bird
148,13,135,40804,Mammal
80,8,72,40804,Reptile
82,14,68,40804,fw_fish
38,0,38,40806,Amphibian
380,96,284,40806,Bird
144,15,129,40806,Mammal
79,9,70,40806,Reptile
82,14,68,40806,fw_fish
37,0,37,40807,Amphibian
383,96,287,40807,Bird
144,15,129,40807,Mammal
79,10,69,40807,Reptile
82,14,68,40807,fw_fish
35,0,35,40808,Amphibian
381,98,283,40808,Bird
133,13,120,40808,Mammal
86,12,74,40808,Reptile
90,16,74,40808,fw_fish
38,0,38,40809,Amphibian
378,96,282,40809,Bird
142,15,127,40809,Mammal
79,10,69,40809,Reptile
82,14,68,40809,fw_fish
39,0,39,40810,Amphibian
371,96,275,40810,Bird
137,15,122,40810,Mammal
80,10,70,40810,Reptile
82,14,68,40810,fw_fish
39,1,38,40811,Amphibian
364,92,272,40811,Bird
140,15,125,40811,Mammal
75,10,65,40811,Reptile
90,9,81,40811,fw_fish
35,0,35,40812,Amphibian
372,89,283,40812,Bird
148,14,134,40812,Mammal
74,7,67,40812,Reptile
87,9,78,40812,fw_fish
39,1,38,40814,Amphibian
357,92,265,40814,Bird
137,15,122,40814,Mammal
77,10,67,40814,Reptile
82,9,73,40814,fw_fish
35,0,35,40816,Amphibian
360,84,276,40816,Bird
144,13,131,40816,Mammal
73,7,66,40816,Reptile
77,8,69,40816,fw_fish
41,0,41,40817,Amphibian
369,92,277,40817,Bird
145,15,130,40817,Mammal
75,9,66,40817,Reptile
86,11,75,40817,fw_fish
40,1,39,40818,Amphibian
355,92,263,40818,Bird
137,15,122,40818,Mammal
79,10,69,40818,Reptile
75,10,65,40818,fw_fish
40,1,39,40820,Amphibian
358,91,267,40820,Bird
140,15,125,40820,Mammal
78,10,68,40820,Reptile
87,11,76,40820,fw_fish
35,0,35,40821,Amphibian
360,91,269,40821,Bird
138,14,124,40821,Mammal
68,8,60,40821,Reptile
77,8,69,40821,fw_fish
40,1,39,40822,Amphibian
357,92,265,40822,Bird
134,15,119,40822,Mammal
79,10,69,40822,Reptile
76,10,66,40822,fw_fish
37,0,37,40823,Amphibian
354,90,264,40823,Bird
140,15,125,40823,Mammal
74,9,65,40823,Reptile
86,11,75,40823,fw_fish
37,0,37,40824,Amphibian
359,92,267,40824,Bird
140,15,125,40824,Mammal
73,9,64,40824,Reptile
78,10,68,40824,fw_fish
36,0,36,40825,Amphibian
355,92,263,40825,Bird
139,15,124,40825,Mammal
73,9,64,40825,Reptile
75,10,65,40825,fw_fish
47,1,46,40826,Amphibian
362,98,264,40826,Bird
130,15,115,40826,Mammal
81,14,67,40826,Reptile
83,10,73,40826,fw_fish
40,1,39,40827,Amphibian
370,98,272,40827,Bird
128,15,113,40827,Mammal
82,13,69,40827,Reptile
62,7,55,40827,fw_fish
39,1,38,40828,Amphibian
335,90,245,40828,Bird
122,13,109,40828,Mammal
83,13,70,40828,Reptile
58,6,52,40828,fw_fish
45,1,44,40829,Amphibian
361,98,263,40829,Bird
130,15,115,40829,Mammal
82,13,69,40829,Reptile
63,7,56,40829,fw_fish
40,1,39,40830,Amphibian
351,97,254,40830,Bird
126,14,112,40830,Mammal
81,13,68,40830,Reptile
65,7,58,40830,fw_fish
41,1,40,40831,Amphibian
359,98,261,40831,Bird
128,15,113,40831,Mammal
82,13,69,40831,Reptile
63,7,56,40831,fw_fish
40,1,39,40832,Amphibian
359,98,261,40832,Bird
125,15,110,40832,Mammal
82,13,69,40832,Reptile
63,7,56,40832,fw_fish
44,1,43,40834,Amphibian
357,94,263,40834,Bird
133,15,118,40834,Mammal
78,11,67,40834,Reptile
79,10,69,40834,fw_fish
41,1,40,40835,Amphibian
356,92,264,40835,Bird
135,15,120,40835,Mammal
78,11,67,40835,Reptile
90,11,79,40835,fw_fish
40,1,39,40836,Amphibian
352,91,261,40836,Bird
133,15,118,40836,Mammal
75,10,65,40836,Reptile
76,10,66,40836,fw_fish
43,1,42,40838,Amphibian
353,95,258,40838,Bird
128,15,113,40838,Mammal
80,11,69,40838,Reptile
63,7,56,40838,fw_fish
40,1,39,40839,Amphibian
349,92,257,40839,Bird
133,15,118,40839,Mammal
79,11,68,40839,Reptile
79,10,69,40839,fw_fish
40,1,39,40840,Amphibian
354,92,262,40840,Bird
137,15,122,40840,Mammal
76,10,66,40840,Reptile
89,11,78,40840,fw_fish
42,1,41,40841,Amphibian
357,95,262,40841,Bird
131,15,116,40841,Mammal
78,12,66,40841,Reptile
79,10,69,40841,fw_fish
39,1,38,40842,Amphibian
354,92,262,40842,Bird
134,15,119,40842,Mammal
77,10,67,40842,Reptile
76,10,66,40842,fw_fish
44,1,43,40843,Amphibian
358,93,265,40843,Bird
133,15,118,40843,Mammal
80,11,69,40843,Reptile
79,10,69,40843,fw_fish
39,1,38,40844,Amphibian
356,92,264,40844,Bird
136,15,121,40844,Mammal
77,10,67,40844,Reptile
76,10,66,40844,fw_fish
36,0,36,40845,Amphibian
353,92,261,40845,Bird
140,15,125,40845,Mammal
72,9,63,40845,Reptile
78,10,68,40845,fw_fish
41,0,41,40846,Amphibian
375,93,282,40846,Bird
144,15,129,40846,Mammal
77,10,67,40846,Reptile
99,16,83,40846,fw_fish
41,1,40,40848,Amphibian
360,95,265,40848,Bird
128,15,113,40848,Mammal
82,12,70,40848,Reptile
90,14,76,40848,fw_fish
41,1,40,40849,Amphibian
359,95,264,40849,Bird
129,15,114,40849,Mammal
80,12,68,40849,Reptile
62,7,55,40849,fw_fish
41,1,40,40850,Amphibian
363,95,268,40850,Bird
134,15,119,40850,Mammal
83,12,71,40850,Reptile
90,14,76,40850,fw_fish
40,1,39,40851,Amphibian
364,95,269,40851,Bird
134,15,119,40851,Mammal
82,12,70,40851,Reptile
86,14,72,40851,fw_fish
41,1,40,40852,Amphibian
352,95,257,40852,Bird
129,15,114,40852,Mammal
80,12,68,40852,Reptile
59,7,52,40852,fw_fish
42,1,41,40853,Amphibian
351,94,257,40853,Bird
133,15,118,40853,Mammal
79,11,68,40853,Reptile
59,7,52,40853,fw_fish
41,1,40,40854,Amphibian
355,94,261,40854,Bird
134,15,119,40854,Mammal
79,10,69,40854,Reptile
82,10,72,40854,fw_fish
41,1,40,40855,Amphibian
355,93,262,40855,Bird
136,15,121,40855,Mammal
79,10,69,40855,Reptile
75,10,65,40855,fw_fish
45,1,44,40856,Amphibian
385,95,290,40856,Bird
150,15,135,40856,Mammal
88,11,77,40856,Reptile
89,11,78,40856,fw_fish
41,1,40,40857,Amphibian
362,95,267,40857,Bird
135,15,120,40857,Mammal
82,11,71,40857,Reptile
59,7,52,40857,fw_fish
41,1,40,40858,Amphibian
352,94,258,40858,Bird
135,15,120,40858,Mammal
79,11,68,40858,Reptile
59,7,52,40858,fw_fish
39,1,38,40859,Amphibian
357,93,264,40859,Bird
138,15,123,40859,Mammal
78,10,68,40859,Reptile
59,7,52,40859,fw_fish
31,0,31,40860,Amphibian
368,84,284,40860,Bird
142,12,130,40860,Mammal
73,7,66,40860,Reptile
108,21,87,40860,fw_fish
30,0,30,40861,Amphibian
364,83,281,40861,Bird
143,12,131,40861,Mammal
74,7,67,40861,Reptile
108,21,87,40861,fw_fish
31,0,31,40862,Amphibian
374,85,289,40862,Bird
150,12,138,40862,Mammal
79,8,71,40862,Reptile
59,11,48,40862,fw_fish
34,0,34,40863,Amphibian
370,91,279,40863,Bird
147,13,134,40863,Mammal
72,7,65,40863,Reptile
82,14,68,40863,fw_fish
31,0,31,40864,Amphibian
370,83,287,40864,Bird
148,12,136,40864,Mammal
78,8,70,40864,Reptile
59,11,48,40864,fw_fish
36,0,36,40865,Amphibian
376,92,284,40865,Bird
146,13,133,40865,Mammal
75,8,67,40865,Reptile
82,14,68,40865,fw_fish
37,0,37,40866,Amphibian
373,94,279,40866,Bird
147,15,132,40866,Mammal
80,9,71,40866,Reptile
82,14,68,40866,fw_fish
701,115,586,40867,Not Reported
30,0,30,40868,Amphibian
368,87,281,40868,Bird
149,13,136,40868,Mammal
77,7,70,40868,Reptile
108,21,87,40868,fw_fish
34,0,34,40869,Amphibian
374,93,281,40869,Bird
148,13,135,40869,Mammal
79,8,71,40869,Reptile
82,14,68,40869,fw_fish
32,0,32,40870,Amphibian
379,92,287,40870,Bird
149,13,136,40870,Mammal
78,8,70,40870,Reptile
82,14,68,40870,fw_fish
22,1,21,40871,Amphibian
328,50,278,40871,Bird
134,9,125,40871,Mammal
64,3,61,40871,Reptile
65,20,45,40871,fw_fish
27,1,26,40872,Amphibian
332,57,275,40872,Bird
132,10,122,40872,Mammal
64,4,60,40872,Reptile
39,11,28,40872,fw_fish
25,1,24,40873,Amphibian
333,57,276,40873,Bird
137,10,127,40873,Mammal
64,3,61,40873,Reptile
39,11,28,40873,fw_fish
27,0,27,40874,Amphibian
332,59,273,40874,Bird
134,10,124,40874,Mammal
67,6,61,40874,Reptile
39,11,28,40874,fw_fish
28,1,27,40875,Amphibian
344,61,283,40875,Bird
139,10,129,40875,Mammal
71,5,66,40875,Reptile
61,14,47,40875,fw_fish
28,1,27,40876,Amphibian
333,59,274,40876,Bird
136,10,126,40876,Mammal
64,5,59,40876,Reptile
93,18,75,40876,fw_fish
33,0,33,40877,Amphibian
377,91,286,40877,Bird
140,11,129,40877,Mammal
85,11,74,40877,Reptile
90,14,76,40877,fw_fish
35,0,35,40878,Amphibian
402,95,307,40878,Bird
147,13,134,40878,Mammal
91,12,79,40878,Reptile
91,15,76,40878,fw_fish
22,0,22,40880,Amphibian
324,53,271,40880,Bird
133,9,124,40880,Mammal
64,5,59,40880,Reptile
58,19,39,40880,fw_fish
26,2,24,40887,Amphibian
329,42,287,40887,Bird
122,8,114,40887,Mammal
69,3,66,40887,Reptile
50,15,35,40887,fw_fish
28,0,28,40889,Amphibian
360,75,285,40889,Bird
146,11,135,40889,Mammal
78,7,71,40889,Reptile
59,11,48,40889,fw_fish
33,0,33,40890,Amphibian
376,76,300,40890,Bird
135,12,123,40890,Mammal
91,10,81,40890,Reptile
59,11,48,40890,fw_fish
33,0,33,40892,Amphibian
398,85,313,40892,Bird
130,12,118,40892,Mammal
90,10,80,40892,Reptile
80,15,65,40892,fw_fish
32,0,32,40894,Amphibian
388,83,305,40894,Bird
128,11,117,40894,Mammal
89,10,79,40894,Reptile
70,12,58,40894,fw_fish
23,3,20,62085,Amphibian
425,57,368,62085,Bird
83,5,78,62085,Mammal
55,3,52,62085,Reptile
53,6,47,62085,fw_fish
23,2,21,62087,Amphibian
351,35,316,62087,Bird
81,2,79,62087,Mammal
55,5,50,62087,Reptile
36,14,22,62087,fw_fish
25,1,24,62088,Amphibian
341,39,302,62088,Bird
77,3,74,62088,Mammal
43,6,37,62088,Reptile
38,12,26,62088,fw_fish
1,1,0,67727,fw_fish
7,1,6,67822,Amphibian
266,32,234,67822,Bird
54,9,45,67822,Mammal
31,8,23,67822,Reptile
20,6,14,67822,fw_fish
26,4,22,67823,Amphibian
305,29,276,67823,Bird
76,4,72,67823,Mammal
57,5,52,67823,Reptile
79,25,54,67823,fw_fish
22,3,19,67824,Amphibian
380,39,341,67824,Bird
99,7,92,67824,Mammal
61,8,53,67824,Reptile
49,17,32,67824,fw_fish
36,0,36,67965,Amphibian
363,87,276,67965,Bird
142,13,129,67965,Mammal
70,7,63,67965,Reptile
82,14,68,67965,fw_fish
27,0,27,67970,Amphibian
382,71,311,67970,Bird
115,9,106,67970,Mammal
83,8,75,67970,Reptile
94,21,73,67970,fw_fish
23,6,17,67983,Bird
1,0,1,67983,Mammal
25,2,23,67984,Amphibian
332,49,283,67984,Bird
98,5,93,67984,Mammal
57,3,54,67984,Reptile
74,5,69,67984,fw_fish
24,1,23,67985,Amphibian
302,43,259,67985,Bird
84,5,79,67985,Mammal
57,2,55,67985,Reptile
64,5,59,67985,fw_fish
24,1,23,67986,Amphibian
292,41,251,67986,Bird
82,5,77,67986,Mammal
54,0,54,67986,Reptile
70,6,64,67986,fw_fish
24,0,24,67987,Amphibian
298,39,259,67987,Bird
82,6,76,67987,Mammal
58,0,58,67987,Reptile
82,10,72,67987,fw_fish
1,0,1,67988,Amphibian
22,5,17,67988,Bird
1,0,1,67988,Mammal
6,1,5,68151,Amphibian
317,44,273,68151,Bird
43,5,38,68151,Mammal
38,10,28,68151,Reptile
67,16,51,68151,fw_fish
24,3,21,68153,Amphibian
437,62,375,68153,Bird
92,4,88,68153,Mammal
62,6,56,68153,Reptile
51,8,43,68153,fw_fish
7,1,6,68154,Amphibian
315,41,274,68154,Bird
48,6,42,68154,Mammal
45,11,34,68154,Reptile
64,16,48,68154,fw_fish
32,2,30,68788,Amphibian
358,46,312,68788,Bird
131,8,123,68788,Mammal
89,9,80,68788,Reptile
69,15,54,68788,fw_fish
28,4,24,95397,Amphibian
359,32,327,95397,Bird
105,3,102,95397,Mammal
66,3,63,95397,Reptile
69,21,48,95397,fw_fish
24,0,24,95398,Amphibian
348,54,294,95398,Bird
110,8,102,95398,Mammal
74,5,69,95398,Reptile
85,20,65,95398,fw_fish
24,3,21,109037,Amphibian
421,59,362,109037,Bird
87,4,83,109037,Mammal
57,5,52,109037,Reptile
49,6,43,109037,fw_fish
19,3,16,124385,Amphibian
364,39,325,124385,Bird
91,6,85,124385,Mammal
58,9,49,124385,Reptile
38,14,24,124385,fw_fish
37,1,36,145528,Amphibian
373,97,276,145528,Bird
123,14,109,145528,Mammal
81,14,67,145528,Reptile
103,10,93,145528,fw_fish
26,4,22,145529,Amphibian
413,53,360,145529,Bird
92,4,88,145529,Mammal
56,3,53,145529,Reptile
73,12,61,145529,fw_fish
10,1,9,300680,Amphibian
272,37,235,300680,Bird
57,7,50,300680,Mammal
39,9,30,300680,Reptile
36,10,26,300680,fw_fish
10,1,9,300681,Amphibian
280,37,243,300681,Bird
59,7,52,300681,Mammal
44,9,35,300681,Reptile
37,11,26,300681,fw_fish
11,1,10,300682,Amphibian
289,37,252,300682,Bird
63,6,57,300682,Mammal
45,9,36,300682,Reptile
55,22,33,300682,fw_fish
10,1,9,300684,Amphibian
298,38,260,300684,Bird
52,4,48,300684,Mammal
38,8,30,300684,Reptile
9,2,7,300684,fw_fish
10,0,10,300685,Amphibian
300,38,262,300685,Bird
52,4,48,300685,Mammal
38,8,30,300685,Reptile
35,14,21,300685,fw_fish
12,1,11,300686,Amphibian
303,39,264,300686,Bird
53,4,49,300686,Mammal
39,9,30,300686,Reptile
4,1,3,300686,fw_fish
17,1,16,300687,Amphibian
316,37,279,300687,Bird
59,2,57,300687,Mammal
42,9,33,300687,Reptile
22,5,17,300687,fw_fish
17,1,16,300688,Amphibian
313,38,275,300688,Bird
56,3,53,300688,Mammal
43,10,33,300688,Reptile
30,12,18,300688,fw_fish
17,1,16,300690,Amphibian
318,39,279,300690,Bird
56,3,53,300690,Mammal
41,9,32,300690,Reptile
30,12,18,300690,fw_fish
17,1,16,300691,Amphibian
324,40,284,300691,Bird
59,5,54,300691,Mammal
40,9,31,300691,Reptile
45,18,27,300691,fw_fish
17,1,16,300692,Amphibian
323,39,284,300692,Bird
60,4,56,300692,Mammal
42,9,33,300692,Reptile
40,16,24,300692,fw_fish
19,1,18,300693,Amphibian
322,38,284,300693,Bird
58,2,56,300693,Mammal
40,8,32,300693,Reptile
30,12,18,300693,fw_fish
19,1,18,300694,Amphibian
324,37,287,300694,Bird
59,1,58,300694,Mammal
41,7,34,300694,Reptile
40,16,24,300694,fw_fish
19,1,18,300695,Amphibian
329,37,292,300695,Bird
62,1,61,300695,Mammal
45,7,38,300695,Reptile
30,12,18,300695,fw_fish
19,1,18,300696,Amphibian
328,37,291,300696,Bird
61,1,60,300696,Mammal
45,7,38,300696,Reptile
30,12,18,300696,fw_fish
19,1,18,300697,Amphibian
329,37,292,300697,Bird
63,1,62,300697,Mammal
45,7,38,300697,Reptile
30,12,18,300697,fw_fish
19,1,18,300699,Amphibian
323,39,284,300699,Bird
61,2,59,300699,Mammal
42,6,36,300699,Reptile
40,15,25,300699,fw_fish
20,1,19,300700,Amphibian
327,40,287,300700,Bird
61,1,60,300700,Mammal
42,6,36,300700,Reptile
40,15,25,300700,fw_fish
21,1,20,300701,Amphibian
333,40,293,300701,Bird
64,2,62,300701,Mammal
43,6,37,300701,Reptile
40,15,25,300701,fw_fish
20,1,19,300702,Amphibian
331,38,293,300702,Bird
71,4,67,300702,Mammal
39,6,33,300702,Reptile
77,31,46,300702,fw_fish
17,1,16,300703,Amphibian
336,42,294,300703,Bird
68,6,62,300703,Mammal
37,5,32,300703,Reptile
76,30,46,300703,fw_fish
22,1,21,300704,Amphibian
326,39,287,300704,Bird
67,2,65,300704,Mammal
41,6,35,300704,Reptile
24,6,18,300704,fw_fish
21,1,20,300705,Amphibian
329,38,291,300705,Bird
71,4,67,300705,Mammal
39,6,33,300705,Reptile
76,30,46,300705,fw_fish
22,1,21,300706,Amphibian
328,38,290,300706,Bird
69,2,67,300706,Mammal
43,6,37,300706,Reptile
24,6,18,300706,fw_fish
22,1,21,300707,Amphibian
327,38,289,300707,Bird
69,2,67,300707,Mammal
43,6,37,300707,Reptile
24,6,18,300707,fw_fish
22,1,21,300708,Amphibian
327,38,289,300708,Bird
69,2,67,300708,Mammal
43,6,37,300708,Reptile
24,6,18,300708,fw_fish
21,1,20,300709,Amphibian
345,38,307,300709,Bird
70,2,68,300709,Mammal
48,5,43,300709,Reptile
27,12,15,300709,fw_fish
27,3,24,300710,Amphibian
375,39,336,300710,Bird
94,3,91,300710,Mammal
57,5,52,300710,Reptile
59,22,37,300710,fw_fish
23,1,22,300711,Amphibian
338,39,299,300711,Bird
67,2,65,300711,Mammal
45,6,39,300711,Reptile
40,15,25,300711,fw_fish
23,1,22,300712,Amphibian
339,39,300,300712,Bird
70,2,68,300712,Mammal
46,6,40,300712,Reptile
40,15,25,300712,fw_fish
21,2,19,300713,Amphibian
332,34,298,300713,Bird
72,2,70,300713,Mammal
52,5,47,300713,Reptile
27,9,18,300713,fw_fish
23,1,22,300714,Amphibian
337,39,298,300714,Bird
70,2,68,300714,Mammal
45,6,39,300714,Reptile
39,15,24,300714,fw_fish
22,2,20,300715,Amphibian
347,37,310,300715,Bird
76,2,74,300715,Mammal
53,5,48,300715,Reptile
21,8,13,300715,fw_fish
20,1,19,300716,Amphibian
329,42,287,300716,Bird
75,6,69,300716,Mammal
41,5,36,300716,Reptile
76,30,46,300716,fw_fish
22,2,20,300717,Amphibian
353,38,315,300717,Bird
77,2,75,300717,Mammal
54,5,49,300717,Reptile
30,12,18,300717,fw_fish
22,1,21,300719,Amphibian
334,42,292,300719,Bird
75,5,70,300719,Mammal
44,5,39,300719,Reptile
76,30,46,300719,fw_fish
24,3,21,300720,Amphibian
351,35,316,300720,Bird
97,3,94,300720,Mammal
56,3,53,300720,Reptile
43,16,27,300720,fw_fish
27,2,25,300723,Amphibian
326,32,294,300723,Bird
82,4,78,300723,Mammal
45,4,41,300723,Reptile
29,8,21,300723,fw_fish
27,2,25,300724,Amphibian
323,33,290,300724,Bird
82,4,78,300724,Mammal
45,4,41,300724,Reptile
28,8,20,300724,fw_fish
27,2,25,300725,Amphibian
325,33,292,300725,Bird
83,4,79,300725,Mammal
44,4,40,300725,Reptile
28,8,20,300725,fw_fish
27,4,23,300726,Amphibian
341,28,313,300726,Bird
100,3,97,300726,Mammal
61,3,58,300726,Reptile
64,20,44,300726,fw_fish
25,4,21,300727,Amphibian
307,26,281,300727,Bird
92,2,90,300727,Mammal
50,3,47,300727,Reptile
47,13,34,300727,fw_fish
26,2,24,300728,Amphibian
345,32,313,300728,Bird
84,3,81,300728,Mammal
49,4,45,300728,Reptile
30,8,22,300728,fw_fish
25,4,21,300731,Amphibian
307,26,281,300731,Bird
94,2,92,300731,Mammal
52,3,49,300731,Reptile
57,17,40,300731,fw_fish
28,3,25,300732,Amphibian
382,39,343,300732,Bird
98,3,95,300732,Mammal
64,5,59,300732,Reptile
27,12,15,300732,fw_fish
28,3,25,300733,Amphibian
385,39,346,300733,Bird
98,3,95,300733,Mammal
64,5,59,300733,Reptile
23,8,15,300733,fw_fish
28,3,25,300734,Amphibian
382,39,343,300734,Bird
98,3,95,300734,Mammal
64,5,59,300734,Reptile
23,8,15,300734,fw_fish
29,4,25,300735,Amphibian
336,31,305,300735,Bird
101,3,98,300735,Mammal
58,2,56,300735,Reptile
51,15,36,300735,fw_fish
28,3,25,300736,Amphibian
384,41,343,300736,Bird
97,3,94,300736,Mammal
63,5,58,300736,Reptile
63,20,43,300736,fw_fish
28,3,25,300737,Amphibian
387,38,349,300737,Bird
105,5,100,300737,Mammal
64,5,59,300737,Reptile
24,8,16,300737,fw_fish
28,4,24,300738,Amphibian
334,30,304,300738,Bird
101,3,98,300738,Mammal
60,2,58,300738,Reptile
51,15,36,300738,fw_fish
24,4,20,300739,Amphibian
308,27,281,300739,Bird
97,3,94,300739,Mammal
52,2,50,300739,Reptile
57,17,40,300739,fw_fish
28,3,25,300740,Amphibian
389,39,350,300740,Bird
100,4,96,300740,Mammal
65,5,60,300740,Reptile
23,8,15,300740,fw_fish
24,4,20,300741,Amphibian
323,26,297,300741,Bird
101,2,99,300741,Mammal
57,2,55,300741,Reptile
66,11,55,300741,fw_fish
28,3,25,300742,Amphibian
388,41,347,300742,Bird
102,4,98,300742,Mammal
63,5,58,300742,Reptile
23,8,15,300742,fw_fish
24,4,20,300743,Amphibian
316,26,290,300743,Bird
101,3,98,300743,Mammal
55,2,53,300743,Reptile
65,13,52,300743,fw_fish
28,3,25,300744,Amphibian
387,39,348,300744,Bird
102,4,98,300744,Mammal
64,5,59,300744,Reptile
23,8,15,300744,fw_fish
28,3,25,300745,Amphibian
390,42,348,300745,Bird
103,4,99,300745,Mammal
63,5,58,300745,Reptile
23,8,15,300745,fw_fish
29,3,26,300746,Amphibian
389,41,348,300746,Bird
103,4,99,300746,Mammal
64,5,59,300746,Reptile
23,8,15,300746,fw_fish
25,4,21,300747,Amphibian
333,29,304,300747,Bird
107,4,103,300747,Mammal
58,2,56,300747,Reptile
65,13,52,300747,fw_fish
23,4,19,300748,Amphibian
291,29,262,300748,Bird
98,5,93,300748,Mammal
53,2,51,300748,Reptile
39,9,30,300748,fw_fish
23,4,19,300749,Amphibian
291,30,261,300749,Bird
103,5,98,300749,Mammal
55,2,53,300749,Reptile
39,11,28,300749,fw_fish
23,4,19,300750,Amphibian
293,30,263,300750,Bird
99,5,94,300750,Mammal
56,2,54,300750,Reptile
39,9,30,300750,fw_fish
27,3,24,300751,Amphibian
335,29,306,300751,Bird
88,4,84,300751,Mammal
52,4,48,300751,Reptile
30,8,22,300751,fw_fish
28,3,25,300752,Amphibian
387,43,344,300752,Bird
98,3,95,300752,Mammal
62,4,58,300752,Reptile
61,19,42,300752,fw_fish
24,4,20,300753,Amphibian
310,29,281,300753,Bird
103,4,99,300753,Mammal
55,2,53,300753,Reptile
57,17,40,300753,fw_fish
23,4,19,300754,Amphibian
291,30,261,300754,Bird
99,5,94,300754,Mammal
54,2,52,300754,Reptile
38,11,27,300754,fw_fish
24,4,20,300755,Amphibian
317,25,292,300755,Bird
99,3,96,300755,Mammal
56,2,54,300755,Reptile
65,11,54,300755,fw_fish
24,4,20,300756,Amphibian
317,25,292,300756,Bird
100,3,97,300756,Mammal
56,2,54,300756,Reptile
65,11,54,300756,fw_fish
27,4,23,300757,Amphibian
365,36,329,300757,Bird
96,4,92,300757,Mammal
59,2,57,300757,Reptile
27,12,15,300757,fw_fish
27,4,23,300758,Amphibian
364,36,328,300758,Bird
96,4,92,300758,Mammal
59,2,57,300758,Reptile
27,12,15,300758,fw_fish
24,4,20,300759,Amphibian
320,27,293,300759,Bird
100,3,97,300759,Mammal
55,2,53,300759,Reptile
65,11,54,300759,fw_fish
28,4,24,300760,Amphibian
380,41,339,300760,Bird
99,5,94,300760,Mammal
60,3,57,300760,Reptile
61,19,42,300760,fw_fish
26,4,22,300762,Amphibian
338,30,308,300762,Bird
104,4,100,300762,Mammal
62,2,60,300762,Reptile
54,15,39,300762,fw_fish
26,4,22,300765,Amphibian
368,39,329,300765,Bird
97,5,92,300765,Mammal
59,2,57,300765,Reptile
27,12,15,300765,fw_fish
30,4,26,300766,Amphibian
392,43,349,300766,Bird
101,3,98,300766,Mammal
61,4,57,300766,Reptile
56,20,36,300766,fw_fish
26,4,22,300767,Amphibian
328,29,299,300767,Bird
106,5,101,300767,Mammal
63,2,61,300767,Reptile
54,15,39,300767,fw_fish
26,4,22,300768,Amphibian
329,34,295,300768,Bird
115,6,109,300768,Mammal
58,3,55,300768,Reptile
89,18,71,300768,fw_fish
27,4,23,300769,Amphibian
367,37,330,300769,Bird
98,5,93,300769,Mammal
60,3,57,300769,Reptile
61,19,42,300769,fw_fish
23,4,19,300770,Amphibian
305,32,273,300770,Bird
107,5,102,300770,Mammal
54,3,51,300770,Reptile
52,7,45,300770,fw_fish
27,4,23,300771,Amphibian
366,37,329,300771,Bird
98,5,93,300771,Mammal
60,3,57,300771,Reptile
61,19,42,300771,fw_fish
24,4,20,300772,Amphibian
313,28,285,300772,Bird
106,4,102,300772,Mammal
56,2,54,300772,Reptile
61,9,52,300772,fw_fish
24,4,20,300773,Amphibian
329,31,298,300773,Bird
109,5,104,300773,Mammal
56,2,54,300773,Reptile
61,9,52,300773,fw_fish
24,4,20,300774,Amphibian
293,34,259,300774,Bird
104,6,98,300774,Mammal
53,2,51,300774,Reptile
39,11,28,300774,fw_fish
23,4,19,300775,Amphibian
301,33,268,300775,Bird
103,6,97,300775,Mammal
55,3,52,300775,Reptile
68,13,55,300775,fw_fish
23,4,19,300776,Amphibian
304,33,271,300776,Bird
105,6,99,300776,Mammal
56,3,53,300776,Reptile
65,12,53,300776,fw_fish
23,4,19,300777,Amphibian
302,31,271,300777,Bird
103,6,97,300777,Mammal
54,3,51,300777,Reptile
52,7,45,300777,fw_fish
23,4,19,300778,Amphibian
301,31,270,300778,Bird
103,6,97,300778,Mammal
53,3,50,300778,Reptile
52,7,45,300778,fw_fish
24,4,20,300779,Amphibian
298,31,267,300779,Bird
103,6,97,300779,Mammal
51,3,48,300779,Reptile
38,11,27,300779,fw_fish
24,4,20,300780,Amphibian
311,33,278,300780,Bird
104,5,99,300780,Mammal
53,3,50,300780,Reptile
52,7,45,300780,fw_fish
25,4,21,300781,Amphibian
316,34,282,300781,Bird
107,6,101,300781,Mammal
52,3,49,300781,Reptile
64,8,56,300781,fw_fish
30,4,26,300782,Amphibian
374,42,332,300782,Bird
119,5,114,300782,Mammal
63,3,60,300782,Reptile
67,15,52,300782,fw_fish
26,4,22,300783,Amphibian
342,35,307,300783,Bird
108,3,105,300783,Mammal
58,2,56,300783,Reptile
50,6,44,300783,fw_fish
25,4,21,300784,Amphibian
316,34,282,300784,Bird
104,6,98,300784,Mammal
51,3,48,300784,Reptile
52,7,45,300784,fw_fish
25,2,23,300785,Amphibian
349,36,313,300785,Bird
115,6,109,300785,Mammal
68,5,63,300785,Reptile
128,47,81,300785,fw_fish
28,4,24,300786,Amphibian
336,40,296,300786,Bird
112,5,107,300786,Mammal
56,3,53,300786,Reptile
58,8,50,300786,fw_fish
27,4,23,300787,Amphibian
347,38,309,300787,Bird
110,4,106,300787,Mammal
59,3,56,300787,Reptile
67,10,57,300787,fw_fish
26,4,22,300788,Amphibian
322,35,287,300788,Bird
108,6,102,300788,Mammal
51,3,48,300788,Reptile
59,8,51,300788,fw_fish
25,4,21,300789,Amphibian
320,34,286,300789,Bird
103,6,97,300789,Mammal
50,3,47,300789,Reptile
64,8,56,300789,fw_fish
30,4,26,300790,Amphibian
374,44,330,300790,Bird
117,5,112,300790,Mammal
60,3,57,300790,Reptile
66,14,52,300790,fw_fish
29,4,25,300791,Amphibian
343,38,305,300791,Bird
110,4,106,300791,Mammal
56,3,53,300791,Reptile
50,6,44,300791,fw_fish
29,4,25,300792,Amphibian
384,54,330,300792,Bird
125,7,118,300792,Mammal
61,3,58,300792,Reptile
50,6,44,300792,fw_fish
25,2,23,300793,Amphibian
354,36,318,300793,Bird
102,4,98,300793,Mammal
63,4,59,300793,Reptile
51,18,33,300793,fw_fish
27,4,23,300794,Amphibian
360,54,306,300794,Bird
114,6,108,300794,Mammal
54,3,51,300794,Reptile
59,8,51,300794,fw_fish
26,3,23,300795,Amphibian
346,49,297,300795,Bird
110,6,104,300795,Mammal
52,3,49,300795,Reptile
59,8,51,300795,fw_fish
26,2,24,300796,Amphibian
324,37,287,300796,Bird
120,8,112,300796,Mammal
70,4,66,300796,Reptile
112,37,75,300796,fw_fish
24,3,21,300797,Amphibian
317,34,283,300797,Bird
103,6,97,300797,Mammal
51,2,49,300797,Reptile
52,7,45,300797,fw_fish
24,3,21,300798,Amphibian
329,41,288,300798,Bird
107,6,101,300798,Mammal
51,3,48,300798,Reptile
54,7,47,300798,fw_fish
24,3,21,300799,Amphibian
361,36,325,300799,Bird
91,3,88,300799,Mammal
57,4,53,300799,Reptile
61,19,42,300799,fw_fish
30,4,26,300800,Amphibian
376,53,323,300800,Bird
128,7,121,300800,Mammal
65,3,62,300800,Reptile
59,13,46,300800,fw_fish
25,3,22,300801,Amphibian
354,38,316,300801,Bird
86,3,83,300801,Mammal
56,4,52,300801,Reptile
56,20,36,300801,fw_fish
27,3,24,300802,Amphibian
369,52,317,300802,Bird
114,7,107,300802,Mammal
55,3,52,300802,Reptile
50,6,44,300802,fw_fish
28,3,25,300804,Amphibian
373,56,317,300804,Bird
127,7,120,300804,Mammal
65,3,62,300804,Reptile
59,13,46,300804,fw_fish
27,3,24,300805,Amphibian
366,51,315,300805,Bird
116,7,109,300805,Mammal
56,3,53,300805,Reptile
63,8,55,300805,fw_fish
29,3,26,300806,Amphibian
373,59,314,300806,Bird
128,8,120,300806,Mammal
61,3,58,300806,Reptile
59,13,46,300806,fw_fish
25,1,24,300807,Amphibian
341,41,300,300807,Bird
125,8,117,300807,Mammal
86,9,77,300807,Reptile
51,11,40,300807,fw_fish
27,3,24,300809,Amphibian
379,57,322,300809,Bird
120,7,113,300809,Mammal
58,3,55,300809,Reptile
52,6,46,300809,fw_fish
24,2,22,300810,Amphibian
323,28,295,300810,Bird
89,5,84,300810,Mammal
47,3,44,300810,Reptile
54,19,35,300810,fw_fish
28,2,26,300811,Amphibian
369,63,306,300811,Bird
122,7,115,300811,Mammal
58,2,56,300811,Reptile
59,13,46,300811,fw_fish
26,2,24,300812,Amphibian
348,54,294,300812,Bird
113,6,107,300812,Mammal
52,3,49,300812,Reptile
65,8,57,300812,fw_fish
26,2,24,300813,Amphibian
360,58,302,300813,Bird
119,7,112,300813,Mammal
56,4,52,300813,Reptile
66,8,58,300813,fw_fish
29,2,27,300814,Amphibian
393,69,324,300814,Bird
129,8,121,300814,Mammal
60,2,58,300814,Reptile
67,13,54,300814,fw_fish
26,2,24,300815,Amphibian
372,58,314,300815,Bird
116,7,109,300815,Mammal
58,2,56,300815,Reptile
51,5,46,300815,fw_fish
26,2,24,300816,Amphibian
370,57,313,300816,Bird
116,7,109,300816,Mammal
57,2,55,300816,Reptile
51,5,46,300816,fw_fish
26,2,24,300817,Amphibian
380,61,319,300817,Bird
121,7,114,300817,Mammal
57,2,55,300817,Reptile
54,6,48,300817,fw_fish
28,2,26,300818,Amphibian
371,66,305,300818,Bird
124,8,116,300818,Mammal
62,2,60,300818,Reptile
59,13,46,300818,fw_fish
26,2,24,300819,Amphibian
370,58,312,300819,Bird
117,7,110,300819,Mammal
59,4,55,300819,Reptile
58,7,51,300819,fw_fish
27,1,26,300820,Amphibian
363,69,294,300820,Bird
118,7,111,300820,Mammal
65,7,58,300820,Reptile
55,8,47,300820,fw_fish
42,1,41,300821,Amphibian
388,80,308,300821,Bird
136,8,128,300821,Mammal
79,9,70,300821,Reptile
66,8,58,300821,fw_fish
25,2,23,300822,Amphibian
375,57,318,300822,Bird
118,7,111,300822,Mammal
58,3,55,300822,Reptile
61,6,55,300822,fw_fish
25,2,23,300823,Amphibian
379,60,319,300823,Bird
123,7,116,300823,Mammal
58,3,55,300823,Reptile
50,5,45,300823,fw_fish
25,2,23,300824,Amphibian
369,60,309,300824,Bird
127,8,119,300824,Mammal
57,4,53,300824,Reptile
59,8,51,300824,fw_fish
23,2,21,300825,Amphibian
331,49,282,300825,Bird
100,4,96,300825,Mammal
58,4,54,300825,Reptile
59,20,39,300825,fw_fish
27,1,26,300826,Amphibian
369,69,300,300826,Bird
129,8,121,300826,Mammal
64,3,61,300826,Reptile
59,13,46,300826,fw_fish
25,2,23,300827,Amphibian
377,60,317,300827,Bird
121,7,114,300827,Mammal
58,3,55,300827,Reptile
50,5,45,300827,fw_fish
29,1,28,300828,Amphibian
375,72,303,300828,Bird
135,9,126,300828,Mammal
60,4,56,300828,Reptile
58,7,51,300828,fw_fish
30,1,29,300829,Amphibian
367,67,300,300829,Bird
136,8,128,300829,Mammal
55,3,52,300829,Reptile
58,7,51,300829,fw_fish
28,2,26,300830,Amphibian
379,66,313,300830,Bird
128,8,120,300830,Mammal
61,4,57,300830,Reptile
50,5,45,300830,fw_fish
25,2,23,300831,Amphibian
376,64,312,300831,Bird
127,8,119,300831,Mammal
60,3,57,300831,Reptile
50,5,45,300831,fw_fish
23,0,23,300832,Amphibian
330,42,288,300832,Bird
123,9,114,300832,Mammal
80,6,74,300832,Reptile
57,14,43,300832,fw_fish
55,2,53,300833,Amphibian
407,93,314,300833,Bird
150,13,137,300833,Mammal
88,11,77,300833,Reptile
84,18,66,300833,fw_fish
46,1,45,300834,Amphibian
412,94,318,300834,Bird
141,10,131,300834,Mammal
78,8,70,300834,Reptile
58,7,51,300834,fw_fish
52,2,50,300835,Amphibian
410,94,316,300835,Bird
146,11,135,300835,Mammal
85,9,76,300835,Reptile
87,18,69,300835,fw_fish
30,0,30,300836,Amphibian
350,48,302,300836,Bird
131,10,121,300836,Mammal
96,11,85,300836,Reptile
64,14,50,300836,fw_fish
28,1,27,300837,Amphibian
356,69,287,300837,Bird
134,8,126,300837,Mammal
64,5,59,300837,Reptile
41,6,35,300837,fw_fish
29,1,28,300838,Amphibian
367,77,290,300838,Bird
127,7,120,300838,Mammal
66,6,60,300838,Reptile
64,6,58,300838,fw_fish
25,2,23,300839,Amphibian
374,64,310,300839,Bird
124,8,116,300839,Mammal
58,2,56,300839,Reptile
50,5,45,300839,fw_fish
37,1,36,300840,Amphibian
375,82,293,300840,Bird
131,8,123,300840,Mammal
67,6,61,300840,Reptile
63,6,57,300840,fw_fish
20,2,18,300841,Amphibian
376,51,325,300841,Bird
99,7,92,300841,Mammal
49,6,43,300841,Reptile
45,15,30,300841,fw_fish
25,2,23,300842,Amphibian
371,63,308,300842,Bird
127,8,119,300842,Mammal
58,2,56,300842,Reptile
50,5,45,300842,fw_fish
43,1,42,300843,Amphibian
414,99,315,300843,Bird
142,10,132,300843,Mammal
78,8,70,300843,Reptile
63,7,56,300843,fw_fish
30,1,29,300844,Amphibian
371,71,300,300844,Bird
136,9,127,300844,Mammal
63,5,58,300844,Reptile
95,15,80,300844,fw_fish
31,1,30,300845,Amphibian
345,68,277,300845,Bird
138,10,128,300845,Mammal
65,5,60,300845,Reptile
41,6,35,300845,fw_fish
41,1,40,300846,Amphibian
394,92,302,300846,Bird
138,9,129,300846,Mammal
73,7,66,300846,Reptile
63,7,56,300846,fw_fish
55,2,53,300847,Amphibian
408,97,311,300847,Bird
151,12,139,300847,Mammal
85,10,75,300847,Reptile
80,16,64,300847,fw_fish
54,2,52,300848,Amphibian
417,99,318,300848,Bird
151,12,139,300848,Mammal
88,11,77,300848,Reptile
80,16,64,300848,fw_fish
39,1,38,300849,Amphibian
375,87,288,300849,Bird
131,8,123,300849,Mammal
65,6,59,300849,Reptile
66,7,59,300849,fw_fish
39,1,38,300850,Amphibian
404,84,320,300850,Bird
146,10,136,300850,Mammal
74,7,67,300850,Reptile
66,8,58,300850,fw_fish
26,2,24,300851,Amphibian
371,65,306,300851,Bird
124,8,116,300851,Mammal
57,2,55,300851,Reptile
61,6,55,300851,fw_fish
26,2,24,300852,Amphibian
367,65,302,300852,Bird
126,8,118,300852,Mammal
58,2,56,300852,Reptile
61,6,55,300852,fw_fish
39,1,38,300853,Amphibian
412,95,317,300853,Bird
150,11,139,300853,Mammal
85,11,74,300853,Reptile
69,7,62,300853,fw_fish
26,2,24,300854,Amphibian
379,64,315,300854,Bird
131,8,123,300854,Mammal
59,3,56,300854,Reptile
72,7,65,300854,fw_fish
26,2,24,300855,Amphibian
371,66,305,300855,Bird
127,8,119,300855,Mammal
58,2,56,300855,Reptile
61,6,55,300855,fw_fish
25,1,24,300856,Amphibian
370,69,301,300856,Bird
126,8,118,300856,Mammal
57,3,54,300856,Reptile
57,6,51,300856,fw_fish
31,1,30,300857,Amphibian
349,71,278,300857,Bird
138,10,128,300857,Mammal
64,5,59,300857,Reptile
77,8,69,300857,fw_fish
28,0,28,300858,Amphibian
365,58,307,300858,Bird
127,8,119,300858,Mammal
97,11,86,300858,Reptile
87,20,67,300858,fw_fish
27,1,26,300859,Amphibian
361,70,291,300859,Bird
127,8,119,300859,Mammal
59,3,56,300859,Reptile
49,5,44,300859,fw_fish
27,2,25,300860,Amphibian
377,68,309,300860,Bird
130,8,122,300860,Mammal
62,4,58,300860,Reptile
61,6,55,300860,fw_fish
28,2,26,300861,Amphibian
379,73,306,300861,Bird
135,8,127,300861,Mammal
59,4,55,300861,Reptile
57,6,51,300861,fw_fish
31,0,31,300862,Amphibian
356,72,284,300862,Bird
137,9,128,300862,Mammal
64,4,60,300862,Reptile
77,8,69,300862,fw_fish
26,1,25,300863,Amphibian
365,80,285,300863,Bird
104,7,97,300863,Mammal
59,6,53,300863,Reptile
44,13,31,300863,fw_fish
37,0,37,300864,Amphibian
398,96,302,300864,Bird
143,12,131,300864,Mammal
73,9,64,300864,Reptile
68,7,61,300864,fw_fish
26,1,25,300865,Amphibian
364,70,294,300865,Bird
131,8,123,300865,Mammal
56,3,53,300865,Reptile
57,6,51,300865,fw_fish
38,0,38,300866,Amphibian
379,83,296,300866,Bird
136,10,126,300866,Mammal
71,8,63,300866,Reptile
58,7,51,300866,fw_fish
23,0,23,300867,Amphibian
348,55,293,300867,Bird
118,7,111,300867,Mammal
82,7,75,300867,Reptile
85,20,65,300867,fw_fish
34,2,32,300868,Amphibian
383,87,296,300868,Bird
110,9,101,300868,Mammal
67,8,59,300868,Reptile
86,28,58,300868,fw_fish
37,0,37,300869,Amphibian
386,81,305,300869,Bird
140,10,130,300869,Mammal
62,4,58,300869,Reptile
101,10,91,300869,fw_fish
20,2,18,300870,Amphibian
399,59,340,300870,Bird
99,7,92,300870,Mammal
51,5,46,300870,Reptile
45,15,30,300870,fw_fish
28,1,27,300872,Amphibian
372,73,299,300872,Bird
131,8,123,300872,Mammal
58,4,54,300872,Reptile
60,6,54,300872,fw_fish
29,1,28,300874,Amphibian
387,77,310,300874,Bird
129,9,120,300874,Mammal
61,4,57,300874,Reptile
60,6,54,300874,fw_fish
38,0,38,300876,Amphibian
398,86,312,300876,Bird
139,10,129,300876,Mammal
76,7,69,300876,Reptile
76,8,68,300876,fw_fish
25,0,25,300877,Amphibian
364,61,303,300877,Bird
115,7,108,300877,Mammal
83,7,76,300877,Reptile
73,16,57,300877,fw_fish
34,0,34,300878,Amphibian
363,83,280,300878,Bird
144,13,131,300878,Mammal
71,7,64,300878,Reptile
77,8,69,300878,fw_fish
38,1,37,300879,Amphibian
401,81,320,300879,Bird
139,9,130,300879,Mammal
71,6,65,300879,Reptile
76,8,68,300879,fw_fish
38,0,38,300880,Amphibian
379,86,293,300880,Bird
137,10,127,300880,Mammal
74,7,67,300880,Reptile
52,6,46,300880,fw_fish
33,0,33,300881,Amphibian
368,84,284,300881,Bird
133,10,123,300881,Mammal
63,6,57,300881,Reptile
77,8,69,300881,fw_fish
39,1,38,300882,Amphibian
405,88,317,300882,Bird
145,10,135,300882,Mammal
78,7,71,300882,Reptile
76,8,68,300882,fw_fish
33,2,31,300883,Amphibian
368,90,278,300883,Bird
98,9,89,300883,Mammal
63,10,53,300883,Reptile
78,25,53,300883,fw_fish
35,0,35,300885,Amphibian
367,88,279,300885,Bird
133,12,121,300885,Mammal
80,10,70,300885,Reptile
52,6,46,300885,fw_fish
27,2,25,300886,Amphibian
336,81,255,300886,Bird
89,8,81,300886,Mammal
60,10,50,300886,Reptile
60,20,40,300886,fw_fish
32,0,32,300887,Amphibian
372,85,287,300887,Bird
128,10,118,300887,Mammal
57,4,53,300887,Reptile
97,10,87,300887,fw_fish
36,0,36,300890,Amphibian
389,89,300,300890,Bird
133,11,122,300890,Mammal
62,5,57,300890,Reptile
60,6,54,300890,fw_fish
35,0,35,300891,Amphibian
375,91,284,300891,Bird
131,13,118,300891,Mammal
68,6,62,300891,Reptile
95,10,85,300891,fw_fish
39,1,38,300892,Amphibian
388,93,295,300892,Bird
132,12,120,300892,Mammal
84,11,73,300892,Reptile
85,7,78,300892,fw_fish
32,3,29,300893,Amphibian
348,86,262,300893,Bird
93,8,85,300893,Mammal
62,9,53,300893,Reptile
60,20,40,300893,fw_fish
48,1,47,300894,Amphibian
354,93,261,300894,Bird
143,14,129,300894,Mammal
76,13,63,300894,Reptile
62,14,48,300894,fw_fish
36,0,36,300895,Amphibian
374,94,280,300895,Bird
132,14,118,300895,Mammal
70,8,62,300895,Reptile
90,10,80,300895,fw_fish
23,2,21,300896,Amphibian
346,71,275,300896,Bird
77,6,71,300896,Mammal
54,6,48,300896,Reptile
55,14,41,300896,fw_fish
45,1,44,300897,Amphibian
347,94,253,300897,Bird
139,14,125,300897,Mammal
74,13,61,300897,Reptile
62,14,48,300897,fw_fish
23,2,21,300898,Amphibian
347,74,273,300898,Bird
85,7,78,300898,Mammal
55,6,49,300898,Reptile
99,33,66,300898,fw_fish
34,1,33,300899,Amphibian
364,94,270,300899,Bird
139,14,125,300899,Mammal
77,12,65,300899,Reptile
68,7,61,300899,fw_fish
36,0,36,300900,Amphibian
386,93,293,300900,Bird
132,12,120,300900,Mammal
71,7,64,300900,Reptile
66,7,59,300900,fw_fish
52,1,51,300901,Amphibian
362,94,268,300901,Bird
145,14,131,300901,Mammal
79,13,66,300901,Reptile
82,17,65,300901,fw_fish
40,0,40,300902,Amphibian
396,92,304,300902,Bird
138,12,126,300902,Mammal
79,9,70,300902,Reptile
65,6,59,300902,fw_fish
36,0,36,300903,Amphibian
391,90,301,300903,Bird
133,12,121,300903,Mammal
74,9,65,300903,Reptile
66,7,59,300903,fw_fish
26,0,26,300905,Amphibian
371,65,306,300905,Bird
105,7,98,300905,Mammal
81,8,73,300905,Reptile
69,14,55,300905,fw_fish
24,2,22,300906,Amphibian
334,72,262,300906,Bird
81,7,74,300906,Mammal
55,6,49,300906,Reptile
55,14,41,300906,fw_fish
37,0,37,300910,Amphibian
391,94,297,300910,Bird
135,13,122,300910,Mammal
76,10,66,300910,Reptile
66,7,59,300910,fw_fish
38,0,38,300911,Amphibian
366,93,273,300911,Bird
133,15,118,300911,Mammal
70,9,61,300911,Reptile
94,10,84,300911,fw_fish
38,0,38,300912,Amphibian
370,92,278,300912,Bird
132,14,118,300912,Mammal
81,11,70,300912,Reptile
80,8,72,300912,fw_fish
26,0,26,300913,Amphibian
371,64,307,300913,Bird
103,7,96,300913,Mammal
81,8,73,300913,Reptile
69,14,55,300913,fw_fish
39,0,39,300914,Amphibian
386,92,294,300914,Bird
135,14,121,300914,Mammal
75,9,66,300914,Reptile
81,7,74,300914,fw_fish
38,1,37,300915,Amphibian
381,93,288,300915,Bird
134,13,121,300915,Mammal
78,11,67,300915,Reptile
98,10,88,300915,fw_fish
28,3,25,300916,Amphibian
334,78,256,300916,Bird
79,8,71,300916,Mammal
58,7,51,300916,Reptile
55,14,41,300916,fw_fish
28,3,25,300917,Amphibian
333,80,253,300917,Bird
81,9,72,300917,Mammal
57,7,50,300917,Reptile
56,14,42,300917,fw_fish
39,1,38,300919,Amphibian
385,92,293,300919,Bird
137,15,122,300919,Mammal
80,11,69,300919,Reptile
91,9,82,300919,fw_fish
39,1,38,300921,Amphibian
377,92,285,300921,Bird
130,14,116,300921,Mammal
77,11,66,300921,Reptile
102,10,92,300921,fw_fish
26,3,23,300922,Amphibian
345,84,261,300922,Bird
83,9,74,300922,Mammal
60,9,51,300922,Reptile
55,15,40,300922,fw_fish
28,3,25,300925,Amphibian
348,87,261,300925,Bird
85,10,75,300925,Mammal
61,10,51,300925,Reptile
55,14,41,300925,fw_fish
39,1,38,300926,Amphibian
348,91,257,300926,Bird
134,15,119,300926,Mammal
72,9,63,300926,Reptile
94,10,84,300926,fw_fish
39,1,38,300928,Amphibian
351,92,259,300928,Bird
130,15,115,300928,Mammal
77,12,65,300928,Reptile
68,7,61,300928,fw_fish
41,1,40,300929,Amphibian
343,92,251,300929,Bird
134,15,119,300929,Mammal
73,12,61,300929,Reptile
74,7,67,300929,fw_fish
40,1,39,300930,Amphibian
356,92,264,300930,Bird
130,15,115,300930,Mammal
77,12,65,300930,Reptile
68,7,61,300930,fw_fish
38,1,37,300931,Amphibian
375,93,282,300931,Bird
133,15,118,300931,Mammal
79,11,68,300931,Reptile
99,10,89,300931,fw_fish
40,1,39,300932,Amphibian
358,92,266,300932,Bird
131,14,117,300932,Mammal
77,11,66,300932,Reptile
94,10,84,300932,fw_fish
39,1,38,300933,Amphibian
372,94,278,300933,Bird
133,15,118,300933,Mammal
78,11,67,300933,Reptile
94,10,84,300933,fw_fish
38,1,37,300934,Amphibian
373,93,280,300934,Bird
132,15,117,300934,Mammal
80,12,68,300934,Reptile
99,10,89,300934,fw_fish
39,1,38,300937,Amphibian
351,92,259,300937,Bird
129,15,114,300937,Mammal
76,12,64,300937,Reptile
68,7,61,300937,fw_fish
40,1,39,300938,Amphibian
368,95,273,300938,Bird
130,14,116,300938,Mammal
80,12,68,300938,Reptile
94,10,84,300938,fw_fish
39,1,38,300939,Amphibian
365,94,271,300939,Bird
130,14,116,300939,Mammal
79,11,68,300939,Reptile
94,10,84,300939,fw_fish
38,1,37,300940,Amphibian
370,92,278,300940,Bird
129,15,114,300940,Mammal
77,12,65,300940,Reptile
87,9,78,300940,fw_fish
40,1,39,300941,Amphibian
352,91,261,300941,Bird
127,15,112,300941,Mammal
75,12,63,300941,Reptile
68,7,61,300941,fw_fish
39,1,38,300944,Amphibian
365,94,271,300944,Bird
132,15,117,300944,Mammal
79,12,67,300944,Reptile
94,10,84,300944,fw_fish
39,1,38,300945,Amphibian
365,93,272,300945,Bird
132,15,117,300945,Mammal
79,12,67,300945,Reptile
94,10,84,300945,fw_fish
43,1,42,300946,Amphibian
365,95,270,300946,Bird
133,15,118,300946,Mammal
79,13,66,300946,Reptile
79,10,69,300946,fw_fish
48,2,46,300947,Amphibian
355,93,262,300947,Bird
130,13,117,300947,Mammal
77,13,64,300947,Reptile
77,9,68,300947,fw_fish
41,1,40,300948,Amphibian
363,94,269,300948,Bird
129,14,115,300948,Mammal
78,13,65,300948,Reptile
94,10,84,300948,fw_fish
41,1,40,300951,Amphibian
367,94,273,300951,Bird
129,14,115,300951,Mammal
79,13,66,300951,Reptile
94,10,84,300951,fw_fish
40,1,39,300952,Amphibian
368,98,270,300952,Bird
126,15,111,300952,Mammal
78,13,65,300952,Reptile
69,7,62,300952,fw_fish
41,1,40,300953,Amphibian
358,93,265,300953,Bird
127,14,113,300953,Mammal
79,14,65,300953,Reptile
81,8,73,300953,fw_fish
39,1,38,300954,Amphibian
371,98,273,300954,Bird
126,15,111,300954,Mammal
81,14,67,300954,Reptile
94,10,84,300954,fw_fish
38,1,37,300955,Amphibian
345,88,257,300955,Bird
123,14,109,300955,Mammal
75,13,62,300955,Reptile
69,7,62,300955,fw_fish
41,1,40,300956,Amphibian
357,97,260,300956,Bird
128,14,114,300956,Mammal
80,14,66,300956,Reptile
79,10,69,300956,fw_fish
41,1,40,300959,Amphibian
355,97,258,300959,Bird
128,14,114,300959,Mammal
79,14,65,300959,Reptile
79,10,69,300959,fw_fish
39,1,38,300960,Amphibian
366,98,268,300960,Bird
125,15,110,300960,Mammal
81,14,67,300960,Reptile
98,10,88,300960,fw_fish
38,1,37,300961,Amphibian
365,96,269,300961,Bird
121,14,107,300961,Mammal
78,14,64,300961,Reptile
90,9,81,300961,fw_fish
39,1,38,300963,Amphibian
364,97,267,300963,Bird
120,14,106,300963,Mammal
81,14,67,300963,Reptile
94,10,84,300963,fw_fish
39,1,38,300964,Amphibian
357,95,262,300964,Bird
118,14,104,300964,Mammal
79,14,65,300964,Reptile
89,10,79,300964,fw_fish
37,1,36,300965,Amphibian
346,92,254,300965,Bird
119,12,107,300965,Mammal
75,13,62,300965,Reptile
87,9,78,300965,fw_fish
37,1,36,300966,Amphibian
355,95,260,300966,Bird
121,13,108,300966,Mammal
75,13,62,300966,Reptile
70,8,62,300966,fw_fish
53,1,52,301724,Amphibian
351,95,256,301724,Bird
144,14,130,301724,Mammal
78,13,65,301724,Reptile
62,14,48,301724,fw_fish
42,0,42,303922,Amphibian
387,83,304,303922,Bird
139,10,129,303922,Mammal
71,5,66,303922,Reptile
60,7,53,303922,fw_fish
35,0,35,303923,Amphibian
344,71,273,303923,Bird
116,7,109,303923,Mammal
56,2,54,303923,Reptile
98,18,80,303923,fw_fish
37,0,37,303924,Amphibian
333,73,260,303924,Bird
113,7,106,303924,Mammal
56,3,53,303924,Reptile
93,20,73,303924,fw_fish
43,0,43,303925,Amphibian
369,88,281,303925,Bird
123,8,115,303925,Mammal
65,8,57,303925,Reptile
111,26,85,303925,fw_fish
24,0,24,303926,Amphibian
327,44,283,303926,Bird
116,9,107,303926,Mammal
55,0,55,303926,Reptile
78,11,67,303926,fw_fish
25,0,25,303927,Amphibian
320,42,278,303927,Bird
114,8,106,303927,Mammal
55,0,55,303927,Reptile
78,11,67,303927,fw_fish
30,0,30,303928,Amphibian
348,71,277,303928,Bird
105,6,99,303928,Mammal
56,2,54,303928,Reptile
80,13,67,303928,fw_fish
33,0,33,303929,Amphibian
336,77,259,303929,Bird
106,7,99,303929,Mammal
58,5,53,303929,Reptile
96,19,77,303929,fw_fish
36,0,36,303930,Amphibian
345,83,262,303930,Bird
108,7,101,303930,Mammal
63,7,56,303930,Reptile
96,19,77,303930,fw_fish
35,0,35,303931,Amphibian
335,80,255,303931,Bird
100,6,94,303931,Mammal
62,7,55,303931,Reptile
96,19,77,303931,fw_fish
36,0,36,303932,Amphibian
340,82,258,303932,Bird
100,6,94,303932,Mammal
62,7,55,303932,Reptile
90,18,72,303932,fw_fish
36,0,36,303933,Amphibian
343,84,259,303933,Bird
104,6,98,303933,Mammal
62,7,55,303933,Reptile
90,18,72,303933,fw_fish
25,4,21,303935,Amphibian
332,29,303,303935,Bird
90,5,85,303935,Mammal
56,5,51,303935,Reptile
45,16,29,303935,fw_fish
25,4,21,303936,Amphibian
328,27,301,303936,Bird
90,5,85,303936,Mammal
54,4,50,303936,Reptile
45,16,29,303936,fw_fish
26,4,22,303937,Amphibian
325,31,294,303937,Bird
89,5,84,303937,Mammal
54,4,50,303937,Reptile
42,15,27,303937,fw_fish
26,4,22,303938,Amphibian
330,29,301,303938,Bird
88,5,83,303938,Mammal
57,5,52,303938,Reptile
45,16,29,303938,fw_fish
26,4,22,303939,Amphibian
320,30,290,303939,Bird
89,5,84,303939,Mammal
60,4,56,303939,Reptile
75,24,51,303939,fw_fish
26,4,22,303940,Amphibian
351,29,322,303940,Bird
98,5,93,303940,Mammal
59,4,55,303940,Reptile
45,16,29,303940,fw_fish
26,4,22,303941,Amphibian
338,29,309,303941,Bird
90,5,85,303941,Mammal
55,4,51,303941,Reptile
47,17,30,303941,fw_fish
26,4,22,303942,Amphibian
338,28,310,303942,Bird
96,5,91,303942,Mammal
54,3,51,303942,Reptile
45,16,29,303942,fw_fish
26,4,22,303943,Amphibian
337,27,310,303943,Bird
98,5,93,303943,Mammal
57,3,54,303943,Reptile
45,16,29,303943,fw_fish
26,4,22,303944,Amphibian
341,29,312,303944,Bird
104,6,98,303944,Mammal
62,2,60,303944,Reptile
42,15,27,303944,fw_fish
26,4,22,303945,Amphibian
342,27,315,303945,Bird
100,4,96,303945,Mammal
61,2,59,303945,Reptile
41,12,29,303945,fw_fish
26,4,22,303946,Amphibian
347,27,320,303946,Bird
102,3,99,303946,Mammal
62,2,60,303946,Reptile
68,20,48,303946,fw_fish
27,4,23,303947,Amphibian
346,28,318,303947,Bird
111,6,105,303947,Mammal
65,2,63,303947,Reptile
50,19,31,303947,fw_fish
25,4,21,303948,Amphibian
337,29,308,303948,Bird
109,6,103,303948,Mammal
62,2,60,303948,Reptile
49,14,35,303948,fw_fish
25,4,21,303949,Amphibian
340,30,310,303949,Bird
111,6,105,303949,Mammal
62,2,60,303949,Reptile
49,14,35,303949,fw_fish
24,4,20,303950,Amphibian
334,30,304,303950,Bird
115,7,108,303950,Mammal
59,2,57,303950,Reptile
68,19,49,303950,fw_fish
26,4,22,303951,Amphibian
356,35,321,303951,Bird
123,8,115,303951,Mammal
65,2,63,303951,Reptile
52,17,35,303951,fw_fish
36,0,36,303952,Amphibian
361,87,274,303952,Bird
148,13,135,303952,Mammal
72,7,65,303952,Reptile
86,11,75,303952,fw_fish
32,0,32,303953,Amphibian
377,80,297,303953,Bird
136,11,125,303953,Mammal
89,10,79,303953,Reptile
59,11,48,303953,fw_fish
29,0,29,303954,Amphibian
382,82,300,303954,Bird
120,11,109,303954,Mammal
88,10,78,303954,Reptile
70,12,58,303954,fw_fish
39,0,39,303955,Amphibian
366,90,276,303955,Bird
140,14,126,303955,Mammal
69,8,61,303955,Reptile
82,14,68,303955,fw_fish
40,1,39,303956,Amphibian
357,97,260,303956,Bird
127,15,112,303956,Mammal
82,13,69,303956,Reptile
62,7,55,303956,fw_fish
32,0,32,303957,Amphibian
386,88,298,303957,Bird
127,11,116,303957,Mammal
85,12,73,303957,Reptile
58,7,51,303957,fw_fish
32,0,32,303958,Amphibian
385,87,298,303958,Bird
127,11,116,303958,Mammal
85,12,73,303958,Reptile
58,7,51,303958,fw_fish
27,4,23,303959,Amphibian
343,31,312,303959,Bird
116,7,109,303959,Mammal
66,2,64,303959,Reptile
48,15,33,303959,fw_fish
35,0,35,303960,Amphibian
358,85,273,303960,Bird
146,13,133,303960,Mammal
72,7,65,303960,Reptile
79,9,70,303960,fw_fish
40,1,39,303961,Amphibian
384,100,284,303961,Bird
129,15,114,303961,Mammal
85,13,72,303961,Reptile
90,14,76,303961,fw_fish
38,0,38,303962,Amphibian
370,89,281,303962,Bird
143,14,129,303962,Mammal
70,7,63,303962,Reptile
82,14,68,303962,fw_fish
26,4,22,313422,Amphibian
310,27,283,313422,Bird
96,4,92,313422,Mammal
52,3,49,313422,Reptile
67,14,53,313422,fw_fish
25,4,21,313423,Amphibian
311,26,285,313423,Bird
100,3,97,313423,Mammal
52,2,50,313423,Reptile
65,13,52,313423,fw_fish
26,4,22,313425,Amphibian
310,27,283,313425,Bird
87,4,83,313425,Mammal
55,4,51,313425,Reptile
70,20,50,313425,fw_fish
26,4,22,313427,Amphibian
308,28,280,313427,Bird
81,5,76,313427,Mammal
56,4,52,313427,Reptile
62,19,43,313427,fw_fish
26,4,22,313428,Amphibian
309,29,280,313428,Bird
84,5,79,313428,Mammal
57,4,53,313428,Reptile
68,24,44,313428,fw_fish
26,4,22,313430,Amphibian
296,30,266,313430,Bird
78,5,73,313430,Mammal
58,5,53,313430,Reptile
64,21,43,313430,fw_fish
25,4,21,313432,Amphibian
300,29,271,313432,Bird
77,5,72,313432,Mammal
57,5,52,313432,Reptile
64,21,43,313432,fw_fish
26,4,22,313435,Amphibian
305,32,273,313435,Bird
76,3,73,313435,Mammal
58,6,52,313435,Reptile
67,22,45,313435,fw_fish
24,3,21,313438,Amphibian
298,31,267,313438,Bird
69,2,67,313438,Mammal
54,7,47,313438,Reptile
65,22,43,313438,fw_fish
18,3,15,313440,Amphibian
289,32,257,313440,Bird
65,3,62,313440,Mammal
49,7,42,313440,Reptile
32,12,20,313440,fw_fish
24,3,21,313441,Amphibian
320,30,290,313441,Bird
80,4,76,313441,Mammal
59,7,52,313441,Reptile
45,17,28,313441,fw_fish
27,4,23,313442,Amphibian
315,27,288,313442,Bird
101,5,96,313442,Mammal
61,3,58,313442,Reptile
88,23,65,313442,fw_fish
28,3,25,317051,Amphibian
354,52,302,317051,Bird
102,6,96,317051,Mammal
56,2,54,317051,Reptile
54,5,49,317051,fw_fish
24,4,20,317192,Amphibian
330,31,299,317192,Bird
85,3,82,317192,Mammal
49,5,44,317192,Reptile
28,7,21,317192,fw_fish
24,4,20,317193,Amphibian
326,33,293,317193,Bird
82,3,79,317193,Mammal
48,5,43,317193,Reptile
26,5,21,317193,fw_fish
24,4,20,317194,Amphibian
329,33,296,317194,Bird
80,3,77,317194,Mammal
48,5,43,317194,Reptile
27,6,21,317194,fw_fish
24,4,20,317195,Amphibian
326,32,294,317195,Bird
79,3,76,317195,Mammal
47,5,42,317195,Reptile
29,8,21,317195,fw_fish
28,4,24,317286,Amphibian
293,30,263,317286,Bird
95,7,88,317286,Mammal
56,3,53,317286,Reptile
52,5,47,317286,fw_fish
22,1,21,317287,Amphibian
281,27,254,317287,Bird
110,12,98,317287,Mammal
62,0,62,317287,Reptile
112,15,97,317287,fw_fish
3,0,3,342470,Amphibian
152,22,130,342470,Bird
40,11,29,342470,Mammal
30,9,21,342470,Reptile
3,1,2,342470,fw_fish
20,2,18,342473,Amphibian
335,35,300,342473,Bird
71,2,69,342473,Mammal
50,5,45,342473,Reptile
22,5,17,342473,fw_fish
27,4,23,342474,Amphibian
356,33,323,342474,Bird
100,5,95,342474,Mammal
62,4,58,342474,Reptile
47,16,31,342474,fw_fish
24,1,23,342475,Amphibian
347,36,311,342475,Bird
76,2,74,342475,Mammal
46,6,40,342475,Reptile
21,6,15,342475,fw_fish
26,3,23,342477,Amphibian
330,27,303,342477,Bird
85,5,80,342477,Mammal
51,4,47,342477,Reptile
52,18,34,342477,fw_fish
21,1,20,342479,Amphibian
340,39,301,342479,Bird
69,2,67,342479,Mammal
49,6,43,342479,Reptile
28,10,18,342479,fw_fish
27,4,23,342480,Amphibian
366,36,330,342480,Bird
99,5,94,342480,Mammal
62,4,58,342480,Reptile
47,16,31,342480,fw_fish
26,3,23,342656,Amphibian
381,52,329,342656,Bird
89,5,84,342656,Mammal
58,4,54,342656,Reptile
47,5,42,342656,fw_fish
26,3,23,342657,Amphibian
360,48,312,342657,Bird
93,5,88,342657,Mammal
55,2,53,342657,Reptile
47,5,42,342657,fw_fish
27,3,24,342658,Amphibian
314,35,279,342658,Bird
90,5,85,342658,Mammal
54,2,52,342658,Reptile
57,7,50,342658,fw_fish
28,3,25,342659,Amphibian
322,36,286,342659,Bird
95,5,90,342659,Mammal
56,2,54,342659,Reptile
47,5,42,342659,fw_fish
29,4,25,342660,Amphibian
308,33,275,342660,Bird
94,5,89,342660,Mammal
56,3,53,342660,Reptile
58,6,52,342660,fw_fish
29,4,25,342661,Amphibian
300,30,270,342661,Bird
92,6,86,342661,Mammal
56,3,53,342661,Reptile
49,4,45,342661,fw_fish
26,3,23,342662,Amphibian
330,40,290,342662,Bird
95,5,90,342662,Mammal
53,2,51,342662,Reptile
61,5,56,342662,fw_fish
30,4,26,342670,Amphibian
307,33,274,342670,Bird
106,8,98,342670,Mammal
57,3,54,342670,Reptile
93,7,86,342670,fw_fish
30,3,27,342671,Amphibian
314,35,279,342671,Bird
110,7,103,342671,Mammal
57,4,53,342671,Reptile
92,7,85,342671,fw_fish
29,3,26,342672,Amphibian
311,36,275,342672,Bird
108,7,101,342672,Mammal
53,2,51,342672,Reptile
70,6,64,342672,fw_fish
28,3,25,342673,Amphibian
348,48,300,342673,Bird
105,6,99,342673,Mammal
57,2,55,342673,Reptile
65,6,59,342673,fw_fish
27,3,24,351088,Amphibian
347,51,296,351088,Bird
102,6,96,351088,Mammal
59,3,56,351088,Reptile
79,6,73,351088,fw_fish
7,1,6,352605,Amphibian
271,41,230,352605,Bird
42,6,36,352605,Mammal
30,8,22,352605,Reptile
38,12,26,352605,fw_fish
7,1,6,352606,Amphibian
283,41,242,352606,Bird
44,7,37,352606,Mammal
33,8,25,352606,Reptile
54,14,40,352606,fw_fish
7,1,6,352607,Amphibian
309,45,264,352607,Bird
49,6,43,352607,Mammal
37,8,29,352607,Reptile
70,17,53,352607,fw_fish
7,1,6,352608,Amphibian
321,42,279,352608,Bird
46,5,41,352608,Mammal
37,9,28,352608,Reptile
62,16,46,352608,fw_fish
7,1,6,352609,Amphibian
307,45,262,352609,Bird
53,6,47,352609,Mammal
41,10,31,352609,Reptile
71,17,54,352609,fw_fish
7,1,6,352610,Amphibian
326,44,282,352610,Bird
50,5,45,352610,Mammal
43,10,33,352610,Reptile
71,17,54,352610,fw_fish
7,1,6,352611,Amphibian
319,42,277,352611,Bird
46,5,41,352611,Mammal
43,10,33,352611,Reptile
62,16,46,352611,fw_fish
7,1,6,352612,Amphibian
310,40,270,352612,Bird
46,5,41,352612,Mammal
45,11,34,352612,Reptile
68,16,52,352612,fw_fish
8,1,7,352613,Amphibian
279,42,237,352613,Bird
53,6,47,352613,Mammal
37,8,29,352613,Reptile
14,1,13,352613,fw_fish
7,1,6,352614,Amphibian
269,39,230,352614,Bird
49,5,44,352614,Mammal
36,7,29,352614,Reptile
14,1,13,352614,fw_fish
7,1,6,352615,Amphibian
246,39,207,352615,Bird
47,7,40,352615,Mammal
31,7,24,352615,Reptile
40,13,27,352615,fw_fish
10,2,8,352616,Amphibian
267,38,229,352616,Bird
56,6,50,352616,Mammal
38,7,31,352616,Reptile
13,1,12,352616,fw_fish
8,1,7,352617,Amphibian
262,37,225,352617,Bird
50,5,45,352617,Mammal
35,7,28,352617,Reptile
13,1,12,352617,fw_fish
26,4,22,352618,Amphibian
386,51,335,352618,Bird
92,10,82,352618,Mammal
59,7,52,352618,Reptile
68,11,57,352618,fw_fish
8,1,7,352619,Amphibian
276,37,239,352619,Bird
47,3,44,352619,Mammal
37,7,30,352619,Reptile
49,11,38,352619,fw_fish
8,1,7,352620,Amphibian
274,37,237,352620,Bird
47,3,44,352620,Mammal
37,7,30,352620,Reptile
61,16,45,352620,fw_fish
8,1,7,352621,Amphibian
260,35,225,352621,Bird
47,3,44,352621,Mammal
35,6,29,352621,Reptile
13,1,12,352621,fw_fish
10,2,8,352622,Amphibian
278,37,241,352622,Bird
52,3,49,352622,Mammal
42,7,35,352622,Reptile
52,12,40,352622,fw_fish
10,2,8,352623,Amphibian
261,34,227,352623,Bird
52,4,48,352623,Mammal
34,5,29,352623,Reptile
13,1,12,352623,fw_fish
10,2,8,352624,Amphibian
262,35,227,352624,Bird
50,3,47,352624,Mammal
36,5,31,352624,Reptile
24,1,23,352624,fw_fish
11,2,9,352625,Amphibian
270,36,234,352625,Bird
52,3,49,352625,Mammal
40,6,34,352625,Reptile
50,11,39,352625,fw_fish
12,2,10,352626,Amphibian
314,39,275,352626,Bird
55,3,52,352626,Mammal
53,9,44,352626,Reptile
28,4,24,352626,fw_fish
11,2,9,352627,Amphibian
260,35,225,352627,Bird
54,3,51,352627,Mammal
33,4,29,352627,Reptile
12,1,11,352627,fw_fish
13,2,11,352628,Amphibian
275,35,240,352628,Bird
54,3,51,352628,Mammal
33,4,29,352628,Reptile
24,1,23,352628,fw_fish
12,2,10,352629,Amphibian
284,36,248,352629,Bird
56,4,52,352629,Mammal
42,6,36,352629,Reptile
25,1,24,352629,fw_fish
12,2,10,352630,Amphibian
340,42,298,352630,Bird
60,3,57,352630,Mammal
60,9,51,352630,Reptile
27,4,23,352630,fw_fish
18,2,16,352631,Amphibian
299,34,265,352631,Bird
67,5,62,352631,Mammal
48,5,43,352631,Reptile
25,1,24,352631,fw_fish
13,2,11,352632,Amphibian
353,43,310,352632,Bird
62,3,59,352632,Mammal
56,6,50,352632,Reptile
27,4,23,352632,fw_fish
18,2,16,352633,Amphibian
299,35,264,352633,Bird
68,5,63,352633,Mammal
46,5,41,352633,Reptile
20,1,19,352633,fw_fish
20,2,18,352634,Amphibian
302,36,266,352634,Bird
66,2,64,352634,Mammal
47,3,44,352634,Reptile
68,11,57,352634,fw_fish
14,2,12,352635,Amphibian
357,46,311,352635,Bird
60,2,58,352635,Mammal
55,5,50,352635,Reptile
27,4,23,352635,fw_fish
23,3,20,352636,Amphibian
334,38,296,352636,Bird
77,3,74,352636,Mammal
52,4,48,352636,Reptile
50,6,44,352636,fw_fish
18,2,16,352637,Amphibian
325,36,289,352637,Bird
67,3,64,352637,Mammal
52,4,48,352637,Reptile
21,1,20,352637,fw_fish
19,2,17,352638,Amphibian
294,34,260,352638,Bird
65,2,63,352638,Mammal
41,3,38,352638,Reptile
62,7,55,352638,fw_fish
19,2,17,352639,Amphibian
314,36,278,352639,Bird
68,3,65,352639,Mammal
50,4,46,352639,Reptile
21,1,20,352639,fw_fish
19,2,17,352640,Amphibian
308,34,274,352640,Bird
70,3,67,352640,Mammal
48,4,44,352640,Reptile
44,5,39,352640,fw_fish
19,2,17,352641,Amphibian
295,34,261,352641,Bird
65,2,63,352641,Mammal
43,3,40,352641,Reptile
62,7,55,352641,fw_fish
23,3,20,352642,Amphibian
330,37,293,352642,Bird
72,3,69,352642,Mammal
50,5,45,352642,Reptile
67,11,56,352642,fw_fish
19,2,17,352643,Amphibian
314,35,279,352643,Bird
71,3,68,352643,Mammal
48,4,44,352643,Reptile
21,1,20,352643,fw_fish
24,3,21,352644,Amphibian
339,36,303,352644,Bird
77,4,73,352644,Mammal
49,5,44,352644,Reptile
67,11,56,352644,fw_fish
18,3,15,352645,Amphibian
363,44,319,352645,Bird
67,3,64,352645,Mammal
54,4,50,352645,Reptile
23,1,22,352645,fw_fish
21,3,18,352646,Amphibian
324,35,289,352646,Bird
72,3,69,352646,Mammal
47,4,43,352646,Reptile
43,5,38,352646,fw_fish
21,2,19,352647,Amphibian
306,36,270,352647,Bird
68,2,66,352647,Mammal
43,3,40,352647,Reptile
50,6,44,352647,fw_fish
22,3,19,352648,Amphibian
338,37,301,352648,Bird
72,3,69,352648,Mammal
49,4,45,352648,Reptile
67,11,56,352648,fw_fish
22,3,19,352649,Amphibian
330,36,294,352649,Bird
71,3,68,352649,Mammal
47,4,43,352649,Reptile
67,11,56,352649,fw_fish
23,3,20,352650,Amphibian
335,36,299,352650,Bird
76,4,72,352650,Mammal
49,5,44,352650,Reptile
67,11,56,352650,fw_fish
23,3,20,352651,Amphibian
332,36,296,352651,Bird
75,3,72,352651,Mammal
50,5,45,352651,Reptile
50,6,44,352651,fw_fish
23,3,20,352652,Amphibian
331,37,294,352652,Bird
76,2,74,352652,Mammal
48,3,45,352652,Reptile
50,6,44,352652,fw_fish
26,4,22,352653,Amphibian
365,44,321,352653,Bird
83,4,79,352653,Mammal
51,4,47,352653,Reptile
67,11,56,352653,fw_fish
23,3,20,352654,Amphibian
341,37,304,352654,Bird
78,4,74,352654,Mammal
51,4,47,352654,Reptile
50,6,44,352654,fw_fish
26,4,22,352655,Amphibian
372,45,327,352655,Bird
87,4,83,352655,Mammal
52,4,48,352655,Reptile
67,11,56,352655,fw_fish
23,3,20,352656,Amphibian
391,51,340,352656,Bird
85,4,81,352656,Mammal
56,4,52,352656,Reptile
47,6,41,352656,fw_fish
23,3,20,352657,Amphibian
399,54,345,352657,Bird
87,4,83,352657,Mammal
57,4,53,352657,Reptile
49,6,43,352657,fw_fish
25,4,21,352658,Amphibian
370,41,329,352658,Bird
99,4,95,352658,Mammal
55,4,51,352658,Reptile
64,9,55,352658,fw_fish
24,4,20,352659,Amphibian
380,49,331,352659,Bird
86,4,82,352659,Mammal
55,4,51,352659,Reptile
47,6,41,352659,fw_fish
25,4,21,352660,Amphibian
383,48,335,352660,Bird
87,4,83,352660,Mammal
55,4,51,352660,Reptile
47,6,41,352660,fw_fish
23,3,20,352661,Amphibian
397,52,345,352661,Bird
87,4,83,352661,Mammal
57,4,53,352661,Reptile
49,6,43,352661,fw_fish
28,4,24,352662,Amphibian
390,47,343,352662,Bird
98,5,93,352662,Mammal
57,4,53,352662,Reptile
74,11,63,352662,fw_fish
26,4,22,352663,Amphibian
364,39,325,352663,Bird
96,4,92,352663,Mammal
58,4,54,352663,Reptile
54,6,48,352663,fw_fish
28,4,24,352664,Amphibian
374,41,333,352664,Bird
94,5,89,352664,Mammal
56,4,52,352664,Reptile
74,11,63,352664,fw_fish
27,3,24,352665,Amphibian
420,56,364,352665,Bird
91,5,86,352665,Mammal
58,4,54,352665,Reptile
53,6,47,352665,fw_fish
26,4,22,352666,Amphibian
401,49,352,352666,Bird
93,5,88,352666,Mammal
59,4,55,352666,Reptile
64,7,57,352666,fw_fish
27,3,24,352667,Amphibian
416,53,363,352667,Bird
91,5,86,352667,Mammal
61,4,57,352667,Reptile
53,6,47,352667,fw_fish
27,4,23,352668,Amphibian
333,32,301,352668,Bird
95,5,90,352668,Mammal
56,4,52,352668,Reptile
36,4,32,352668,fw_fish
31,4,27,352669,Amphibian
331,34,297,352669,Bird
96,5,91,352669,Mammal
57,4,53,352669,Reptile
51,5,46,352669,fw_fish
28,4,24,352670,Amphibian
331,32,299,352670,Bird
95,5,90,352670,Mammal
57,4,53,352670,Reptile
51,5,46,352670,fw_fish
29,4,25,352671,Amphibian
333,33,300,352671,Bird
96,5,91,352671,Mammal
58,3,55,352671,Reptile
51,5,46,352671,fw_fish
27,3,24,352672,Amphibian
391,48,343,352672,Bird
94,5,89,352672,Mammal
60,4,56,352672,Reptile
51,5,46,352672,fw_fish
27,4,23,352673,Amphibian
406,51,355,352673,Bird
109,5,104,352673,Mammal
69,7,62,352673,Reptile
63,7,56,352673,fw_fish
30,4,26,352674,Amphibian
322,33,289,352674,Bird
96,5,91,352674,Mammal
57,4,53,352674,Reptile
51,5,46,352674,fw_fish
28,4,24,352675,Amphibian
325,32,293,352675,Bird
97,5,92,352675,Mammal
59,4,55,352675,Reptile
59,7,52,352675,fw_fish
28,3,25,352676,Amphibian
397,52,345,352676,Bird
93,5,88,352676,Mammal
62,4,58,352676,Reptile
53,5,48,352676,fw_fish
29,4,25,352677,Amphibian
363,43,320,352677,Bird
95,5,90,352677,Mammal
62,4,58,352677,Reptile
51,5,46,352677,fw_fish
28,3,25,352678,Amphibian
375,48,327,352678,Bird
92,5,87,352678,Mammal
62,4,58,352678,Reptile
51,5,46,352678,fw_fish
29,4,25,352679,Amphibian
306,31,275,352679,Bird
96,5,91,352679,Mammal
56,4,52,352679,Reptile
49,5,44,352679,fw_fish
28,4,24,352680,Amphibian
330,37,293,352680,Bird
97,5,92,352680,Mammal
60,3,57,352680,Reptile
51,5,46,352680,fw_fish
27,3,24,352681,Amphibian
360,46,314,352681,Bird
96,5,91,352681,Mammal
60,3,57,352681,Reptile
51,5,46,352681,fw_fish
28,4,24,352682,Amphibian
313,30,283,352682,Bird
96,4,92,352682,Mammal
57,4,53,352682,Reptile
59,7,52,352682,fw_fish
30,4,26,352683,Amphibian
309,32,277,352683,Bird
96,5,91,352683,Mammal
57,4,53,352683,Reptile
58,6,52,352683,fw_fish
27,3,24,352684,Amphibian
383,49,334,352684,Bird
88,4,84,352684,Mammal
61,3,58,352684,Reptile
53,5,48,352684,fw_fish
27,3,24,352685,Amphibian
365,48,317,352685,Bird
92,6,86,352685,Mammal
56,3,53,352685,Reptile
53,5,48,352685,fw_fish
27,3,24,352686,Amphibian
360,48,312,352686,Bird
91,6,85,352686,Mammal
55,3,52,352686,Reptile
57,7,50,352686,fw_fish
27,3,24,352687,Amphibian
346,43,303,352687,Bird
89,6,83,352687,Mammal
55,3,52,352687,Reptile
57,7,50,352687,fw_fish
26,3,23,352688,Amphibian
370,48,322,352688,Bird
88,4,84,352688,Mammal
56,3,53,352688,Reptile
56,7,49,352688,fw_fish
26,3,23,352689,Amphibian
371,48,323,352689,Bird
87,4,83,352689,Mammal
56,3,53,352689,Reptile
47,5,42,352689,fw_fish
26,3,23,352690,Amphibian
374,48,326,352690,Bird
87,4,83,352690,Mammal
56,3,53,352690,Reptile
47,5,42,352690,fw_fish
27,3,24,352691,Amphibian
365,48,317,352691,Bird
90,5,85,352691,Mammal
56,3,53,352691,Reptile
56,7,49,352691,fw_fish
27,3,24,352692,Amphibian
369,46,323,352692,Bird
90,5,85,352692,Mammal
56,3,53,352692,Reptile
53,5,48,352692,fw_fish
27,3,24,352693,Amphibian
335,40,295,352693,Bird
91,5,86,352693,Mammal
55,3,52,352693,Reptile
51,5,46,352693,fw_fish
27,3,24,352694,Amphibian
384,50,334,352694,Bird
90,5,85,352694,Mammal
61,3,58,352694,Reptile
53,5,48,352694,fw_fish
28,3,25,352695,Amphibian
382,47,335,352695,Bird
93,5,88,352695,Mammal
62,4,58,352695,Reptile
51,5,46,352695,fw_fish
23,3,20,352696,Amphibian
387,54,333,352696,Bird
76,3,73,352696,Mammal
56,4,52,352696,Reptile
47,6,41,352696,fw_fish
22,3,19,352697,Amphibian
377,50,327,352697,Bird
70,3,67,352697,Mammal
55,4,51,352697,Reptile
23,1,22,352697,fw_fish
23,3,20,352698,Amphibian
389,51,338,352698,Bird
86,4,82,352698,Mammal
56,4,52,352698,Reptile
47,6,41,352698,fw_fish
26,4,22,352699,Amphibian
363,39,324,352699,Bird
87,4,83,352699,Mammal
56,4,52,352699,Reptile
55,6,49,352699,fw_fish
26,1,25,354002,Amphibian
407,95,312,354002,Bird
103,11,92,354002,Mammal
73,13,60,354002,Reptile
54,17,37,354002,fw_fish
26,1,25,354003,Amphibian
392,93,299,354003,Bird
100,11,89,354003,Mammal
72,12,60,354003,Reptile
54,16,38,354003,fw_fish
1,1,0,902737,fw_fish
5,0,5,902738,Amphibian
249,34,215,902738,Bird
48,8,40,902738,Mammal
30,9,21,902738,Reptile
8,2,6,902738,fw_fish
5,0,5,902739,Amphibian
232,35,197,902739,Bird
42,8,34,902739,Mammal
36,10,26,902739,Reptile
6,2,4,902739,fw_fish
5,0,5,902740,Amphibian
201,31,170,902740,Bird
45,10,35,902740,Mammal
28,8,20,902740,Reptile
2,0,2,902740,fw_fish
2,0,2,902741,Amphibian
45,8,37,902741,Bird
16,6,10,902741,Mammal
21,7,14,902741,Reptile
27,3,24,902838,Amphibian
319,30,289,902838,Bird
89,6,83,902838,Mammal
44,4,40,902838,Reptile
76,28,48,902838,fw_fish
24,3,21,903024,Amphibian
442,61,381,903024,Bird
87,5,82,903024,Mammal
56,4,52,903024,Reptile
53,6,47,903024,fw_fish
28,2,26,903104,Amphibian
327,86,241,903104,Bird
71,7,64,903104,Mammal
71,12,59,903104,Reptile
146,49,97,903104,fw_fish
17,1,16,903105,Amphibian
336,41,295,903105,Bird
60,5,55,903105,Mammal
45,9,36,903105,Reptile
45,18,27,903105,fw_fish
12,1,11,903106,Amphibian
311,40,271,903106,Bird
54,4,50,903106,Mammal
38,8,30,903106,Reptile
29,10,19,903106,fw_fish
26,4,22,903107,Amphibian
350,33,317,903107,Bird
97,3,94,903107,Mammal
54,3,51,903107,Reptile
73,27,46,903107,fw_fish
27,4,23,903108,Amphibian
368,38,330,903108,Bird
104,5,99,903108,Mammal
65,4,61,903108,Reptile
54,19,35,903108,fw_fish
30,4,26,903110,Amphibian
339,87,252,903110,Bird
83,9,74,903110,Mammal
67,11,56,903110,Reptile
119,42,77,903110,fw_fish
25,3,22,903111,Amphibian
377,40,337,903111,Bird
90,4,86,903111,Mammal
62,5,57,903111,Reptile
45,15,30,903111,fw_fish
30,3,27,903112,Amphibian
334,88,246,903112,Bird
77,10,67,903112,Mammal
74,13,61,903112,Reptile
166,61,105,903112,fw_fish
9,1,8,903113,Amphibian
367,53,314,903113,Bird
72,9,63,903113,Mammal
41,9,32,903113,Reptile
84,29,55,903113,fw_fish
43,0,43,555512165,Amphibian
412,97,315,555512165,Bird
145,14,131,555512165,Mammal
74,10,64,555512165,Reptile
98,21,77,555512165,fw_fish
47,1,46,555512166,Amphibian
366,92,274,555512166,Bird
135,12,123,555512166,Mammal
80,13,67,555512166,Reptile
105,23,82,555512166,fw_fish
42,1,41,555512167,Amphibian
327,85,242,555512167,Bird
120,12,108,555512167,Mammal
76,12,64,555512167,Reptile
82,16,66,555512167,fw_fish
45,1,44,555512168,Amphibian
335,92,243,555512168,Bird
133,13,120,555512168,Mammal
74,13,61,555512168,Reptile
66,7,59,555512168,fw_fish
43,1,42,555512169,Amphibian
349,97,252,555512169,Bird
119,12,107,555512169,Mammal
75,13,62,555512169,Reptile
56,4,52,555512169,fw_fish
46,1,45,555512170,Amphibian
349,96,253,555512170,Bird
139,14,125,555512170,Mammal
74,13,61,555512170,Reptile
88,18,70,555512170,fw_fish
42,0,42,555542335,Amphibian
410,95,315,555542335,Bird
136,10,126,555542335,Mammal
68,8,60,555542335,Reptile
105,22,83,555542335,fw_fish
37,1,36,555542456,Amphibian
339,83,256,555542456,Bird
114,9,105,555542456,Mammal
72,10,62,555542456,Reptile
91,15,76,555542456,fw_fish
38,1,37,555542457,Amphibian
365,89,276,555542457,Bird
112,7,105,555542457,Mammal
72,10,62,555542457,Reptile
109,24,85,555542457,fw_fish
25,3,22,555547522,Amphibian
400,51,349,555547522,Bird
84,4,80,555547522,Mammal
55,5,50,555547522,Reptile
53,6,47,555547522,fw_fish
24,3,21,555547523,Amphibian
420,56,364,555547523,Bird
85,5,80,555547523,Mammal
55,3,52,555547523,Reptile
53,6,47,555547523,fw_fish
24,3,21,555547524,Amphibian
442,61,381,555547524,Bird
87,5,82,555547524,Mammal
56,4,52,555547524,Reptile
53,6,47,555547524,fw_fish
30,1,29,555547525,Amphibian
397,78,319,555547525,Bird
134,9,125,555547525,Mammal
65,4,61,555547525,Reptile
61,6,55,555547525,fw_fish
38,0,38,555547526,Amphibian
388,91,297,555547526,Bird
135,13,122,555547526,Mammal
76,10,66,555547526,Reptile
67,7,60,555547526,fw_fish
45,9,36,555547987,Bird
11,5,6,555547987,Mammal
18,7,11,555547987,Reptile
24,0,24,555555549,Amphibian
335,43,292,555555549,Bird
118,10,108,555555549,Mammal
61,0,61,555555549,Reptile
104,15,89,555555549,fw_fish
23,4,19,555556050,Amphibian
324,30,294,555556050,Bird
83,2,81,555556050,Mammal
49,5,44,555556050,Reptile
43,9,34,555556050,fw_fish
23,4,19,555556051,Amphibian
322,30,292,555556051,Bird
80,2,78,555556051,Mammal
52,5,47,555556051,Reptile
43,9,34,555556051,fw_fish
1,0,1,555556052,Amphibian
57,14,43,555556052,Bird
19,8,11,555556052,Mammal
25,10,15,555556052,Reptile
3,0,3,555556053,Amphibian
167,31,136,555556053,Bird
38,12,26,555556053,Mammal
31,10,21,555556053,Reptile
8,4,4,555556053,fw_fish
24,4,20,555556055,Amphibian
313,26,287,555556055,Bird
89,3,86,555556055,Mammal
56,6,50,555556055,Reptile
36,9,27,555556055,fw_fish
2,0,2,555556056,Amphibian
61,15,46,555556056,Bird
20,8,12,555556056,Mammal
25,10,15,555556056,Reptile
23,4,19,555556057,Amphibian
327,31,296,555556057,Bird
78,2,76,555556057,Mammal
51,4,47,555556057,Reptile
43,9,34,555556057,fw_fish
25,4,21,555556058,Amphibian
307,25,282,555556058,Bird
87,2,85,555556058,Mammal
53,5,48,555556058,Reptile
45,12,33,555556058,fw_fish
24,4,20,555556059,Amphibian
313,26,287,555556059,Bird
87,3,84,555556059,Mammal
56,6,50,555556059,Reptile
37,10,27,555556059,fw_fish
23,4,19,555556060,Amphibian
336,35,301,555556060,Bird
67,0,67,555556060,Mammal
50,3,47,555556060,Reptile
75,20,55,555556060,fw_fish
25,4,21,555556061,Amphibian
331,34,297,555556061,Bird
76,1,75,555556061,Mammal
53,7,46,555556061,Reptile
46,13,33,555556061,fw_fish
24,4,20,555556062,Amphibian
314,29,285,555556062,Bird
79,2,77,555556062,Mammal
56,7,49,555556062,Reptile
36,10,26,555556062,fw_fish
23,4,19,555556063,Amphibian
328,30,298,555556063,Bird
83,2,81,555556063,Mammal
50,5,45,555556063,Reptile
43,9,34,555556063,fw_fish
23,4,19,555556064,Amphibian
336,32,304,555556064,Bird
82,2,80,555556064,Mammal
53,5,48,555556064,Reptile
43,9,34,555556064,fw_fish
25,4,21,555556065,Amphibian
312,29,283,555556065,Bird
94,3,91,555556065,Mammal
55,5,50,555556065,Reptile
36,9,27,555556065,fw_fish
25,4,21,555556066,Amphibian
308,28,280,555556066,Bird
84,2,82,555556066,Mammal
56,7,49,555556066,Reptile
36,10,26,555556066,fw_fish
24,4,20,555556067,Amphibian
304,26,278,555556067,Bird
84,2,82,555556067,Mammal
55,6,49,555556067,Reptile
37,10,27,555556067,fw_fish
2,0,2,555556068,Amphibian
147,28,119,555556068,Bird
32,10,22,555556068,Mammal
29,10,19,555556068,Reptile
5,1,4,555556068,fw_fish
26,3,23,555558302,Amphibian
318,27,291,555558302,Bird
94,8,86,555558302,Mammal
45,4,41,555558302,Reptile
52,21,31,555558302,fw_fish
67,23,44,555558303,fw_fish
